8.49297 4.908646 -1
3.926911 9.525531 1
19.76861 7.866674 1
18.1732 8.267172 1
1.251642 6.912702 1
7.73616 13.29302 -1
5.769602 1.794427 1
17.74473 2.349508 1
18.52646 8.16945 1
9.109929 15.19337 -1
12.88795 8.821765 -1
0.3033203 18.85676 1
8.569945 7.073435 -1
12.51185 0.2515503 1
13.61787 2.701474 1
12.09689 14.80292 -1
19.39231 13.12629 1
17.92639 19.76685 1
3.660644 18.97754 1
4.096457 13.41827 1
2.681754 10.96947 1
0.1818169 2.344456 1
13.91611 17.07863 1
0.7021529 12.99346 1
12.51857 11.66485 -1
6.344494 5.407573 -1
13.24212 12.95933 -1
0.453927 19.6712 1
4.605326 5.070155 1
0.9555855 12.69518 1
15.35482 17.92165 1
14.6493 18.55017 1
14.81581 12.93324 -1
13.90071 12.64332 -1
3.868034 17.97788 1
18.68886 19.54892 1
4.072993 15.69166 1
12.51162 1.918482 1
8.639949 17.95886 1
4.94065 11.49131 -1
6.371283 19.51839 1
7.732977 1.953024 1
16.35698 6.689319 1
1.560806 6.432982 1
12.67236 18.25519 1
15.16152 18.59049 1
18.02195 11.40128 1
18.06345 4.760104 1
16.32017 1.63165 1
7.528645 0.9828693 1
3.177919 8.058837 1
9.125424 14.54069 -1
12.97599 6.795572 -1
1.33458 17.55046 1
0.4477137 18.53544 1
11.03126 6.646461 -1
0.1295041 9.464271 1
6.323895 15.83643 1
10.18867 12.69627 -1
2.193187 8.126493 1
11.37243 7.46773 -1
19.97096 5.612846 1
2.816356 0.09837429 1
1.526969 12.67171 1
17.6282 7.751512 1
5.598316 7.008298 -1
10.43022 3.957781 1
8.313396 18.31244 1
10.39297 13.19228 -1
8.977038 9.561408 -1
5.354739 4.010344 1
5.985268 14.13691 -1
7.223933 8.515061 -1
18.46099 8.557683 1
5.077384 2.227023 1
14.57143 3.623892 1
19.43846 19.40215 1
9.610438 15.71019 -1
8.087881 3.512578 1
11.72434 12.87761 -1
5.268603 8.662867 -1
19.92226 12.6962 1
12.93713 4.022957 1
16.21624 16.17172 1
1.150874 8.01145 1
5.44346 16.99639 1
3.719237 12.63178 1
2.771754 7.362087 1
1.482462 5.834042 1
18.38891 14.30129 1
1.637389 12.96929 1
7.59433 15.40118 -1
13.18008 1.974424 1
7.569836 11.02807 -1
14.34734 12.60321 -1
10.22456 6.880391 -1
1.467945 16.09943 1
4.292806 16.69187 1
4.088085 13.28907 1
1.199785 3.200976 1
12.29882 2.289263 1
7.406809 17.06593 1
16.78356 17.57504 1
19.90466 6.806685 1
16.6304 2.248351 1
14.22773 2.253839 1
5.123665 17.42304 1
11.24022 12.29932 -1
1.068536 4.521078 1
19.51612 10.96271 1
16.45312 5.188173 1
1.82438 8.547668 1
17.78689 18.56307 1
15.52845 7.619811 1
8.338973 6.079881 -1
3.274003 8.193396 1
4.634257 15.18794 1
2.002474 19.34813 1
5.562477 10.5284 -1
18.61762 15.60504 1
2.069769 0.7631506 1
14.39767 12.09899 -1
18.37548 7.970726 1
1.756725 4.044901 1
4.859204 11.99349 -1
15.62334 19.56701 1
13.77294 10.23708 -1
6.747854 7.110647 -1
0.4648833 18.85914 1
19.27905 18.22049 1
2.046595 12.28484 1
18.46771 10.55052 1
18.97435 6.034332 1
17.61958 9.935728 1
15.42057 11.8921 -1
6.73684 10.54014 -1
5.90346 3.911083 1
8.892937 15.68997 -1
10.7905 9.725388 -1
10.17219 9.81616 -1
16.80634 11.48354 1
2.760607 16.34548 1
10.45654 3.706996 1
14.42045 14.39718 1
8.440084 14.89183 -1
18.88324 6.703336 1
11.24935 0.3971258 1
13.55844 9.784925 -1
2.295438 3.847152 1
13.12464 12.34115 -1
10.35114 11.821 -1
8.624332 12.96711 -1
5.256648 5.083196 1
13.66355 9.86186 -1
1.344143 11.05788 1
16.32014 10.7395 1
8.686953 9.462887 -1
1.414148 10.56305 1
9.524238 2.122228 1
0.09397202 15.26735 1
11.61388 3.222404 1
1.495645 0.5287414 1
13.00885 0.03350453 1
19.29079 5.506334 1
10.35264 19.10801 1
13.39453 6.943353 -1
16.60074 17.83104 1
19.46502 4.985347 1
2.859212 9.793499 1
11.08884 5.373349 -1
10.04345 4.558592 -1
13.05304 17.3822 1
18.57169 8.143746 1
18.01638 1.786462 1
18.98298 2.995393 1
0.2606868 0.1732105 1
3.75318 17.85729 1
0.727267 7.12874 1
10.32535 8.095591 -1
19.95825 5.223144 1
5.792406 8.157212 -1
19.50922 2.236131 1
17.66335 9.37679 1
14.13875 10.85591 -1
9.99787 16.4288 1
7.703839 19.73074 1
11.03339 14.72062 -1
5.223902 7.055288 -1
10.16937 4.113445 -1
1.957056 4.865108 1
2.017121 17.50433 1
6.523356 7.357247 -1
18.84732 13.22132 1
3.190173 18.74345 1
17.10378 12.33628 1
14.66 14.76362 1
9.835246 5.865693 -1
19.58094 1.886237 1
5.049371 10.81691 -1
19.71885 9.194895 1
14.00499 7.160472 -1
11.78859 2.554177 1
15.29155 0.5299483 1
9.139819 9.032557 -1
12.63339 13.67198 -1
16.95937 6.211907 1
6.138535 15.09315 1
3.206022 8.288077 1
1.633856 12.15197 1
3.388806 4.442028 1
6.186617 15.3953 1
13.75214 17.66159 1
1.768806 12.94022 1
9.895493 5.167698 -1
15.13968 3.337665 1
2.005917 19.35246 1
4.394596 12.76216 1
10.86011 14.85665 -1
5.715736 3.969179 1
12.06569 18.31738 1
4.081503 14.15762 1
6.110061 3.431796 1
15.3769 8.448088 -1
8.625086 14.7421 -1
2.659671 11.29287 1
0.252381 12.8974 1
7.428099 15.27682 -1
3.008278 18.60969 1
13.40833 14.127 -1
0.7853713 2.351336 1
10.63446 3.972121 1
13.89288 9.295725 -1
11.66606 17.60691 1
1.817311 13.37637 1
4.233032 8.349372 -1
2.572342 17.66468 1
0.08628017 5.071429 1
0.360525 12.029 1
9.285241 10.32034 -1
2.284689 13.32072 1
4.315132 15.15339 1
2.508027 3.846815 1
3.085284 9.10852 1
11.92436 9.117775 -1
9.753884 12.25042 -1
1.448315 11.58874 1
3.183808 9.714358 1
7.682921 0.1093823 1
0.2647391 16.81433 1
11.76573 17.76999 1
6.630776 15.24871 1
10.50907 14.3103 -1
8.720524 2.587704 1
12.81112 2.35667 1
14.9163 10.97928 -1
9.32445 3.087994 1
11.84231 7.464653 -1
18.0362 15.48106 1
1.464094 10.04606 1
6.210441 2.557541 1
5.682544 12.69954 -1
3.622489 11.98261 1
6.901058 10.9836 -1
14.48087 10.37192 -1
17.38851 0.2511428 1
11.76426 12.47091 -1
18.55461 4.514694 1
6.689941 9.066419 -1
4.644324 8.197728 -1
15.12629 0.4975798 1
16.2974 9.567695 1
14.20148 18.77461 1
2.925973 18.36032 1
19.74643 15.71915 1
11.67815 12.20186 -1
18.64529 10.21868 1
10.6039 9.208193 -1
12.08745 13.93124 -1
11.62622 18.52646 1
7.409241 17.73692 1
8.106835 2.439195 1
4.968162 14.66515 1
19.21501 16.85354 1
4.533387 7.327615 1
0.7747126 8.969785 1
10.83674 13.26637 -1
14.91977 5.712861 1
6.260139 16.11485 1
18.49806 4.847881 1
9.056637 8.540737 -1
11.23717 18.76171 1
18.69377 5.186651 1
1.605854 1.545585 1
1.867011 9.346414 1
12.42724 12.7587 -1
17.4402 6.117866 1
0.7884874 17.38937 1
12.39074 13.85821 -1
4.599533 19.53633 1
19.55959 6.072429 1
13.82693 12.41881 -1
14.94444 2.708369 1
1.365117 5.378923 1
15.29891 4.891034 1
2.948055 15.9726 1
15.43318 6.778342 1
9.469821 18.8685 1
6.499745 9.345121 -1
3.745427 19.78151 1
13.0593 17.66943 1
14.98653 15.18697 1
14.90037 8.016011 -1
11.52959 4.718874 -1
12.47788 17.5304 1
13.32212 12.40193 -1
11.51532 18.96173 1
5.288288 2.984209 1
14.7138 18.81836 1
3.817272 15.9854 1
3.821534 16.22693 1
6.246679 16.97598 1
6.398359 16.45464 1
17.32552 10.66185 1
16.64804 1.919983 1
10.88963 3.045623 1
10.11278 4.818023 -1
6.477026 1.890166 1
11.0859 18.63996 1
17.51844 6.928431 1
11.17878 16.64624 1
12.90104 17.76851 1
11.56892 10.54612 -1
4.457286 16.47145 1
1.490055 6.485613 1
4.154701 7.681385 1
5.527849 7.760028 -1
15.95998 16.83237 1
11.42275 18.01056 1
8.788615 18.44573 1
10.69049 0.8677375 1
8.07083 10.55789 -1
6.640775 10.27649 -1
2.28915 6.697293 1
12.48471 3.398122 1
11.89831 16.07384 1
1.299919 16.88884 1
4.80662 7.175292 -1
3.325886 8.478174 1
5.40706 15.85223 1
11.99735 0.8540721 1
9.171798 10.16243 -1
17.76528 3.208241 1
17.51777 2.352753 1
8.858047 9.644658 -1
10.46742 13.07534 -1
9.851345 19.07271 1
16.23794 10.31104 1
8.575413 2.34315 1
11.12773 1.292423 1
8.256974 17.75999 1
3.986741 18.09193 1
14.5873 8.080857 -1
6.381465 8.639008 -1
2.953408 8.784685 1
13.50648 2.944575 1
12.6035 12.93638 -1
6.448378 9.836419 -1
11.69594 17.9084 1
12.79261 3.432534 1
12.75872 19.9364 1
17.83925 2.840049 1
12.9307 18.82297 1
6.222498 2.22721 1
0.6509019 14.49558 1
18.59988 0.9827359 1
17.35044 4.114637 1
7.595261 14.23736 -1
16.86733 11.07986 1
15.57513 9.684425 -1
16.82678 8.878765 1
19.39934 0.07336232 1
16.13818 7.522842 1
0.4718442 16.91496 1
12.62433 6.40152 -1
18.6151 10.66702 1
9.550538 7.695198 -1
8.533702 8.320577 -1
19.92075 1.146691 1
5.161229 15.76433 1
1.858359 4.154254 1
7.988106 8.45783 -1
10.18481 12.52375 -1
5.594131 8.488858 -1
5.341119 12.21102 -1
12.96909 0.616075 1
2.333266 3.108187 1
6.605757 3.879956 1
0.5370532 17.76588 1
6.701873 5.407862 -1
18.35113 9.307532 1
9.602879 14.24938 -1
15.88048 7.932864 1
11.4322 9.655246 -1
15.58094 19.27468 1
14.31662 15.72064 1
5.918636 19.8108 1
7.826066 12.67252 -1
0.890659 10.94151 1
9.888556 3.614431 1
1.928711 11.98299 1
11.57385 0.4133154 1
13.43243 17.99903 1
8.333749 6.442351 -1
1.08944 4.653745 1
7.783523 2.154863 1
14.44482 19.75337 1
17.4132 12.55083 1
14.55138 13.73872 -1
12.57735 2.251943 1
1.091548 15.93889 1
12.90792 6.066434 -1
17.8944 17.24845 1
14.69744 2.522462 1
15.28212 13.93324 1
2.989297 9.59554 1
7.877328 3.087442 1
3.479152 6.368143 1
17.73369 9.189564 1
0.8169484 17.88145 1
19.59912 4.989846 1
8.565805 10.92719 -1
11.49116 12.16175 -1
1.275822 6.16527 1
2.397606 15.27524 1
18.12115 7.151934 1
18.36416 7.636613 1
2.522882 5.989825 1
19.07506 5.507412 1
2.518914 16.18399 1
3.301588 5.811287 1
11.16023 7.156205 -1
1.664448 18.18798 1
14.27754 11.35738 -1
16.27421 11.04506 1
14.81714 5.361812 1
12.92178 14.69591 -1
2.652827 16.1017 1
7.37308 1.980731 1
14.57527 5.732649 1
15.97262 8.532169 1
0.1248551 0.006881673 1
15.81209 15.83736 1
11.23138 0.2407141 1
0.5645599 17.48933 1
7.293078 12.22627 -1
6.670649 4.632963 1
14.57986 13.78783 -1
13.82962 1.4096 1
9.262742 13.30318 -1
17.88422 9.918446 1
9.891055 11.35255 -1
0.4580985 12.75933 1
14.23016 3.668253 1
4.983786 6.42118 1
18.61674 17.09433 1
10.93214 16.78627 1
0.2113607 14.76942 1
5.686432 11.15335 -1
11.34412 5.827086 -1
6.956603 14.03682 -1
10.79282 18.78489 1
3.751977 2.590867 1
18.69116 8.288814 1
0.116045 8.864999 1
2.272087 5.96348 1
12.71799 1.272095 1
7.848432 6.054179 -1
18.64111 8.772305 1
19.54878 3.052755 1
1.607205 7.563127 1
15.25693 14.14338 1
18.87258 10.19875 1
1.294134 9.884383 1
4.421602 19.81044 1
8.101397 2.676266 1
10.06548 3.435657 1
6.346574 3.847396 1
19.12563 11.10617 1
7.600574 17.86723 1
14.06817 5.941344 -1
3.552208 16.11879 1
4.149094 12.65326 1
4.376344 9.660044 -1
8.937834 14.15718 -1
16.12831 16.91413 1
11.60457 8.291362 -1
4.219881 19.39348 1
18.77989 16.64944 1
19.91231 13.55323 1
1.296733 8.80678 1
3.867212 0.3056032 1
0.7636021 19.59582 1
15.898 9.282332 -1
14.92552 4.001036 1
6.928549 7.534946 -1
1.17173 1.681552 1
8.984584 15.66586 -1
4.010919 19.13814 1
9.994287 6.219317 -1
5.822402 11.63409 -1
0.9465497 10.26442 1
3.682137 11.18727 1
11.0717 1.774123 1
19.21577 6.953098 1
5.067503 2.476194 1
11.19386 14.04734 -1
16.5705 5.261392 1
2.074132 3.246605 1
15.35519 4.553273 1
16.75527 15.09401 1
14.73452 4.936798 1
7.228632 8.593358 -1
15.7424 9.923015 -1
19.30678 8.554021 1
15.38256 19.64175 1
6.65515 13.69299 -1
7.730829 9.662642 -1
7.86023 13.60279 -1
16.62347 9.576333 1
8.524119 14.12387 -1
10.06656 7.972423 -1
18.93353 4.452355 1
16.34108 7.124388 1
5.111053 3.723192 1
13.59173 0.7643135 1
3.782955 5.441013 1
9.464048 10.72839 -1
16.89957 16.00975 1
3.035788 15.08878 1
15.44487 1.148686 1
2.467345 10.66175 1
11.57054 5.42575 -1
15.82104 17.50087 1
6.316514 6.907856 -1
17.40116 8.47134 1
6.623139 5.778852 -1
16.02915 2.631396 1
5.027454 6.7621 -1
6.003265 2.776277 1
12.25227 8.61801 -1
4.811962 15.58359 1
14.96229 14.61824 1
15.8588 1.214137 1
4.22894 17.00244 1
12.76307 11.85048 -1
10.567 1.534688 1
14.13146 7.375433 -1
11.65653 19.4048 1
16.40188 13.50778 1
8.631312 18.84021 1
0.8078738 18.2032 1
6.32203 5.120388 1
14.14117 18.0041 1
9.41186 6.832652 -1
5.700937 10.13747 -1
10.00649 0.2595109 1
2.836505 6.826863 1
16.33673 6.883759 1
15.69946 16.9523 1
9.566953 14.60691 -1
13.27193 9.314076 -1
14.14478 5.550684 1
17.90434 5.088451 1
11.64739 8.65372 -1
10.97487 5.622652 -1
10.36022 12.49548 -1
14.14497 13.41206 -1
7.810135 6.608766 -1
9.261556 9.841906 -1
0.4770696 17.85469 1
11.80228 17.39629 1
11.3015 2.625607 1
1.843991 10.30749 1
18.69818 7.304598 1
11.03871 4.77277 -1
3.70534 19.44959 1
3.940831 14.02441 1
5.568276 11.4938 -1
4.058414 0.7713464 1
7.216051 9.052723 -1
6.356711 0.7581401 1
15.85778 0.07828487 1
19.77725 17.51101 1
6.114546 9.42444 -1
19.01673 9.72796 1
17.6222 5.857557 1
16.47523 11.71226 1
2.80463 15.87565 1
18.01258 11.51918 1
3.706693 7.596843 1
6.390268 4.342794 1
17.61501 6.202098 1
1.917311 10.91063 1
8.55465 0.1205596 1
7.843788 16.31634 1
2.550351 8.49021 1
2.625854 11.42435 1
11.49798 11.04414 -1
1.538504 11.22322 1
2.848356 4.332985 1
4.192947 9.273743 -1
8.28787 1.310749 1
7.150567 17.84778 1
2.974359 12.22857 1
11.21978 9.69263 -1
13.48122 12.53924 -1
17.06465 19.61921 1
2.662455 2.013917 1
3.143129 9.655685 1
18.16097 8.866619 1
8.956355 5.993987 -1
1.580653 2.700389 1
7.177608 9.131993 -1
3.231703 5.05088 1
0.2142732 11.76049 1
14.33714 6.789359 -1
8.670818 19.37371 1
3.403896 17.11653 1
16.05492 16.30426 1
19.05153 4.069528 1
7.936272 16.32608 1
8.900784 18.15116 1
2.835115 10.01111 1
11.42556 3.006646 1
8.76189 9.484067 -1
7.901008 11.88282 -1
13.06224 13.98174 -1
15.37663 18.19896 1
7.693089 5.587481 -1
14.13314 18.01857 1
14.61608 17.92348 1
12.0143 19.45928 1
15.35549 6.691864 1
3.86842 17.69094 1
16.21531 5.545929 1
5.958994 6.838867 -1
10.60415 14.09145 -1
0.9303473 12.63028 1
17.0932 3.429495 1
19.86527 17.1665 1
17.70644 0.225057 1
16.28899 10.73021 1
3.859485 2.454323 1
13.72712 14.68908 -1
3.997078 5.204935 1
9.423437 10.46744 -1
2.17112 1.032957 1
9.453446 10.01279 -1
4.311776 9.441501 -1
2.79567 16.14325 1
6.142692 13.73461 -1
6.791334 3.215961 1
3.525073 1.062141 1
1.278664 18.9708 1
13.05139 2.746351 1
1.105758 4.263594 1
5.722207 16.96665 1
0.3121369 14.39102 1
1.634489 1.284094 1
15.5998 12.90117 1
12.96475 9.179339 -1
13.69387 11.01038 -1
16.12249 15.49155 1
4.667747 9.571198 -1
4.637999 10.91755 -1
8.318502 7.651701 -1
0.6338256 3.722022 1
11.0238 3.971827 1
13.43372 13.07303 -1
7.205134 2.797344 1
1.175659 14.75632 1
1.637691 1.250727 1
4.099177 5.159842 1
4.745235 5.204474 1
0.7208199 15.06242 1
8.378304 3.027682 1
13.8417 9.894505 -1
3.178504 16.96335 1
0.0407438 15.78096 1
7.093469 8.033521 -1
16.39439 11.70747 1
14.3328 2.133836 1
14.42785 13.45406 -1
3.629768 2.000185 1
5.942843 16.34031 1
0.9573005 8.56146 1
14.07896 12.80245 -1
11.72551 18.20843 1
7.541648 12.44314 -1
6.9112 10.96265 -1
10.74632 19.46327 1
8.850378 9.575576 -1
2.539249 5.29082 1
13.81 10.73932 -1
0.5435178 14.06045 1
3.931083 17.65277 1
5.97956 19.17161 1
6.402951 9.468192 -1
0.4235214 19.50385 1
6.822878 10.64512 -1
9.421705 7.597604 -1
9.432576 8.001266 -1
8.78301 9.848742 -1
11.00106 8.639627 -1
11.97128 10.80059 -1
6.698243 9.285937 -1
12.79493 6.873309 -1
14.52152 12.73316 -1
8.128524 7.934413 -1
6.712883 12.8224 -1
12.49859 4.669866 -1
12.74235 8.223885 -1
8.319505 15.40516 -1
13.25539 14.04293 -1
7.338659 5.905294 -1
11.38472 10.49421 -1
12.47344 11.30772 -1
10.02542 8.835279 -1
11.65237 14.39671 -1
13.52676 12.84315 -1
9.327487 8.163951 -1
10.99943 6.201394 -1
13.43185 11.26533 -1
11.22026 9.285579 -1
9.21192 8.323377 -1
7.268313 14.17325 -1
9.501519 12.33746 -1
10.39905 15.35004 -1
13.43907 8.646785 -1
5.751818 7.815421 -1
5.184792 7.062071 -1
7.756073 15.35104 -1
6.858446 5.77217 -1
4.332487 8.523605 -1
12.09263 6.862241 -1
8.524103 11.63896 -1
8.43992 12.18575 -1
10.42571 9.660565 -1
14.38263 9.657615 -1
10.49339 8.715457 -1
7.110612 6.961128 -1
5.630867 13.67142 -1
15.19072 8.20724 -1
4.672539 10.32718 -1
10.74667 14.80022 -1
5.846175 8.675564 -1
9.427325 11.93742 -1
11.73206 4.571477 -1
7.809301 5.641471 -1
7.274228 12.08985 -1
11.42027 6.0928 -1
4.441985 7.849066 -1
10.20278 13.49651 -1
11.72892 4.569773 -1
10.58044 6.718719 -1
4.652966 12.53817 -1
12.21831 4.488474 -1
13.47845 13.01672 -1
5.570758 8.08256 -1
7.481187 5.444301 -1
11.67062 13.1092 -1
11.86224 14.93037 -1
14.95096 10.88699 -1
9.287536 14.38044 -1
7.925751 9.214689 -1
10.21908 5.985508 -1
10.57349 6.663443 -1
13.54386 8.288343 -1
8.381521 13.95985 -1
9.01979 9.342013 -1
15.22522 10.09999 -1
10.74283 15.62933 -1
6.39456 8.649804 -1
7.529515 7.354086 -1
8.384175 10.80215 -1
8.047555 7.34168 -1
12.80893 6.831235 -1
15.47029 11.53617 -1
8.530248 6.575419 -1
10.99959 13.06597 -1
8.421688 6.262348 -1
7.581778 4.772274 -1
8.31076 13.42361 -1
7.745295 5.257451 -1
13.22468 10.69802 -1
4.70541 8.651093 -1
14.54999 8.528174 -1
13.47984 6.956548 -1
10.54066 8.104964 -1
13.52596 12.96144 -1
10.74089 7.737038 -1
6.611231 12.35163 -1
5.997352 10.90036 -1
7.636482 5.324519 -1
15.12513 8.470658 -1
9.342524 9.292746 -1
7.824505 8.685178 -1
7.594923 13.10118 -1
8.51384 13.48308 -1
13.45701 9.303784 -1
10.42653 8.88218 -1
12.40138 5.241459 -1
4.719698 8.111693 -1
12.55486 13.95081 -1
12.35872 5.699458 -1
7.55306 5.402833 -1
5.645286 11.18432 -1
7.809561 14.4882 -1
10.98187 8.239121 -1
4.140166 8.843514 -1
5.16095 6.842306 -1
4.928752 10.12519 -1
10.12901 4.087282 -1
7.998475 5.014705 -1
14.25959 11.18684 -1
5.833894 13.65349 -1
7.114764 6.526574 -1
13.67447 8.467478 -1
12.58272 7.485047 -1
13.75048 11.88449 -1
11.07838 4.650205 -1
11.04158 13.4029 -1
8.016793 9.62621 -1
5.358286 6.924876 -1
11.87855 14.28368 -1
11.65768 9.026541 -1
7.36096 10.64838 -1
15.64616 11.80012 -1
10.24984 5.192829 -1
14.38675 13.20084 -1
14.55095 9.640521 -1
7.715856 12.8329 -1
9.308403 10.79707 -1
13.79711 10.2775 -1
12.48026 5.745827 -1
7.186208 9.791404 -1
9.676389 8.000122 -1
14.31294 6.368236 -1
6.475108 10.10128 -1
9.856011 4.725831 -1
14.2315 13.51992 -1
10.50671 13.75707 -1
7.188061 11.07295 -1
8.597272 9.552767 -1
12.95323 9.246043 -1
7.846103 7.139069 -1
7.45196 11.30315 -1
6.823414 12.65705 -1
10.3504 5.483831 -1
6.351319 13.40436 -1
6.572586 7.176846 -1
10.66372 11.19442 -1
12.14445 14.1244 -1
4.48619 9.409453 -1
7.389344 14.28634 -1
14.06524 14.3035 -1
11.85242 6.010853 -1
11.09772 14.89273 -1
15.14892 12.17017 -1
9.86831 15.27418 -1
11.82975 15.62769 -1
6.196704 10.92736 -1
10.42532 5.879955 -1
8.109968 12.79069 -1
11.78704 9.047149 -1
10.98235 5.639704 -1
11.80663 14.99715 -1
15.74704 11.66003 -1
7.197383 7.064027 -1
15.1436 9.392276 -1
11.35317 12.91668 -1
5.720263 11.17431 -1
13.17591 4.977041 -1
9.101604 11.9882 -1
7.606106 9.569127 -1
9.963896 7.39911 -1
10.51512 7.773566 -1
9.840141 15.25404 -1
6.423069 9.153565 -1
8.533054 9.824775 -1
13.49373 11.7963 -1
9.557578 15.63128 -1
10.58241 8.254561 -1
12.67225 4.977913 -1
11.52136 4.878243 -1
15.23638 11.25422 -1
6.892457 12.2662 -1
14.14689 12.76678 -1
6.382174 10.54876 -1
8.018441 9.773615 -1
13.01818 5.750369 -1
12.98283 14.51683 -1
11.33115 5.569823 -1
10.13698 11.27577 -1
11.44226 13.9832 -1
10.25564 15.45284 -1
9.664412 12.17226 -1
12.46015 12.01367 -1
12.8333 9.337797 -1
10.69378 7.471435 -1
6.347819 10.13797 -1
9.483396 11.20665 -1
13.1981 6.415141 -1
7.69701 9.838268 -1
7.375774 14.03671 -1
9.463661 13.81222 -1
13.28429 5.356645 -1
7.570421 11.18977 -1
10.75443 15.75623 -1
15.10529 12.46611 -1
8.555399 6.666456 -1
11.55136 12.64743 -1
8.832655 7.461378 -1
6.532177 11.18775 -1
9.172173 14.69805 -1
10.90814 4.726075 -1
11.18318 10.77602 -1
12.25814 11.43542 -1
10.87935 5.096535 -1
12.51263 5.879942 -1
10.7303 7.992593 -1
11.36985 10.05692 -1
6.973707 8.708745 -1
8.689293 13.05151 -1
6.550985 5.176642 -1
8.384954 4.265545 -1
9.821731 13.87844 -1
12.88332 8.485426 -1
11.87782 8.359952 -1
6.167735 9.329451 -1
14.79499 9.036008 -1
7.85706 10.65471 -1
5.611503 10.39126 -1
8.455516 15.05332 -1
6.968532 10.9658 -1
8.139876 7.945258 -1
9.151797 6.925285 -1
5.65086 8.566165 -1
15.32897 8.339383 -1
14.44093 11.11441 -1
8.853709 15.24053 -1
8.116697 9.364286 -1
7.4294 5.527822 -1
10.20054 7.770358 -1
13.39439 6.715239 -1
6.983937 14.55158 -1
8.447418 6.347724 -1
11.63125 13.70072 -1
6.49496 14.77312 -1
7.069669 5.284519 -1
12.02326 6.199368 -1
6.970233 14.656 -1
7.21439 10.40021 -1
12.78372 5.12851 -1
8.056619 14.85294 -1
14.05607 14.24726 -1
12.38822 15.40362 -1
11.30177 12.2064 -1
10.84457 10.74934 -1
9.876159 12.1173 -1
12.08291 12.58519 -1
14.28394 6.632707 -1
11.96987 7.862644 -1
8.195004 8.943548 -1
6.478706 13.27791 -1
13.67567 10.05407 -1
12.50884 6.128187 -1
8.884631 9.774187 -1
7.272361 13.24994 -1
9.650727 15.50626 -1
10.14387 15.22872 -1
10.95603 10.01138 -1
11.01947 10.50949 -1
11.28246 15.15491 -1
14.56917 7.98099 -1
14.18132 13.70384 -1
7.218673 6.481844 -1
13.41141 13.37837 -1
7.4574 9.887949 -1
7.342607 10.05816 -1
7.785532 8.400021 -1
14.01601 13.12386 -1
10.86545 10.13146 -1
15.24398 8.004586 -1
9.263936 5.677184 -1
13.8387 10.83999 -1
13.04 9.841552 -1
4.513109 9.572127 -1
7.829499 9.315165 -1
10.05013 11.47247 -1
