8.789559 4.403991 -1
14.96459 13.74876 1
15.69172 2.175974 1
6.869195 19.1996 1
14.11298 13.22152 -1
4.355598 6.29251 1
3.325982 10.4856 1
15.05001 4.590024 1
15.95321 8.951982 1
13.37041 8.748831 -1
14.40722 11.31452 -1
12.68788 13.57589 -1
2.012053 8.697172 1
3.475707 9.21136 1
7.648128 7.637304 -1
8.704601 10.83776 -1
1.545488 16.52477 1
9.682589 4.341779 -1
2.938119 4.287677 1
4.620236 10.1308 -1
13.69965 2.942867 1
8.411194 4.93059 -1
15.10851 1.53699 1
5.989182 4.679802 1
7.07251 11.7359 -1
0.922599 11.91554 1
15.52974 1.301296 1
17.06524 17.47504 1
11.71611 1.388692 1
11.73671 6.994545 -1
18.70027 17.65784 1
11.55147 6.475676 -1
4.516915 13.51784 1
4.747022 6.80121 1
0.8030154 10.70823 1
1.651905 11.66553 1
4.331745 3.239618 1
15.04918 11.46436 -1
2.90333 7.757293 1
18.46738 0.475063 1
2.70799 18.7959 1
2.13885 15.91223 1
6.714705 16.78906 1
15.30802 0.2441913 1
19.45953 12.20755 1
12.62567 1.549427 1
12.55097 17.62569 1
11.43053 16.04181 1
11.3914 1.935518 1
0.4136748 1.590669 1
16.78997 19.18797 1
3.876787 16.36427 1
10.08399 9.257071 -1
7.583799 12.29012 -1
6.252113 5.600885 -1
14.57171 3.958815 1
2.921308 11.26165 1
4.286556 19.90436 1
15.51899 15.63924 1
19.76097 7.727859 1
18.20982 4.502831 1
7.341681 8.595463 -1
18.08256 0.1024779 1
19.11456 6.706055 1
11.80909 19.00737 1
0.07295839 0.9678118 1
7.343618 16.87671 1
3.685095 3.520018 1
14.91912 5.774574 1
5.828234 17.45764 1
9.205257 3.017904 1
13.99208 13.85864 -1
17.63585 8.666856 1
18.62812 1.289323 1
13.33914 11.52617 -1
0.5228274 15.75216 1
2.174548 12.68582 1
3.380852 12.28714 1
11.84629 15.28132 -1
18.28171 9.981517 1
10.14251 0.8777449 1
0.4810295 7.244743 1
5.527926 13.60389 -1
16.6152 6.044593 1
7.57655 0.7665376 1
4.985244 9.744411 -1
9.811007 2.303335 1
18.5226 15.19191 1
10.51075 13.48304 -1
10.95962 9.415709 -1
1.474359 17.82524 1
13.36692 0.2829218 1
18.48454 4.3208 1
18.79326 14.6578 1
13.49586 11.39796 -1
11.67373 19.63779 1
7.492862 15.84672 1
7.315125 8.327512 -1
2.536875 6.747334 1
8.330718 4.031953 1
12.05166 12.58353 -1
13.71277 12.5726 -1
6.540923 10.77842 -1
5.941151 19.87121 1
14.16321 8.188939 -1
1.776384 18.36325 1
4.321709 8.866003 -1
8.507157 12.31727 -1
7.510826 0.1981077 1
8.760201 1.207126 1
14.81063 1.957394 1
12.54873 16.17859 1
9.092811 5.347451 -1
2.251549 13.96429 1
14.98821 10.19509 -1
12.65504 3.763418 1
5.152318 6.927662 -1
17.36405 8.890833 1
4.112464 0.794322 1
13.742 7.706126 -1
18.37965 18.92205 1
0.4945874 5.306924 1
9.621573 13.31047 -1
15.31608 18.62686 1
7.33956 14.99785 -1
0.8166866 2.338767 1
17.98713 7.123592 1
9.221323 10.09426 -1
0.03479568 17.53418 1
3.479787 1.193471 1
8.526868 11.97686 -1
4.883002 3.968125 1
15.5339 18.01297 1
13.21094 17.39405 1
11.50195 19.61633 1
8.204809 6.716504 -1
6.456109 1.054074 1
2.827477 15.88858 1
1.462807 7.241806 1
6.557019 15.78234 1
10.03137 3.62469 1
6.62473 19.99036 1
9.378403 10.31627 -1
5.776285 18.02872 1
17.70634 7.269785 1
8.856037 6.578284 -1
17.31454 12.54853 1
19.17926 6.402788 1
14.03905 16.52646 1
9.773025 11.60861 -1
0.09953404 17.92204 1
7.124905 7.723235 -1
6.793042 14.10018 -1
15.88266 16.93306 1
4.296115 13.33274 1
8.631457 12.79299 -1
10.97716 7.697448 -1
11.1621 4.902178 -1
5.352131 4.892643 1
14.58972 5.217629 1
12.23668 15.18221 -1
19.68771 4.23217 1
10.76029 1.626526 1
9.401968 13.90758 -1
1.874816 16.42469 1
1.84953 4.936345 1
17.46878 14.94841 1
15.68281 12.10933 1
16.49978 18.90149 1
13.19732 15.27822 1
14.43361 8.843225 -1
13.73261 4.373595 1
18.63833 16.06305 1
15.60112 9.617087 -1
1.386423 14.27708 1
1.050657 9.146406 1
1.93674 4.555395 1
19.37193 4.917322 1
18.23433 2.892735 1
16.96295 5.166517 1
4.698215 1.975078 1
15.05824 7.871426 -1
11.48321 3.695113 1
15.32421 16.02875 1
12.01464 19.05277 1
8.402393 6.450636 -1
11.69533 19.3115 1
10.78402 3.393456 1
1.449602 15.31411 1
5.593842 14.69724 1
6.025403 19.78488 1
12.52116 7.597735 -1
15.37403 12.70312 1
2.999605 12.91339 1
15.57648 10.76548 -1
13.875 13.60705 -1
1.938548 8.0308 1
10.58 12.45853 -1
13.78498 5.861184 -1
12.89038 14.94321 -1
0.7388389 19.57237 1
17.60245 2.333648 1
5.874688 14.60002 1
17.45108 2.625237 1
13.77138 15.97847 1
3.46772 2.920219 1
17.29889 2.265708 1
19.14111 4.913334 1
9.45392 7.460508 -1
12.49739 18.78009 1
0.6955078 2.410822 1
0.4522655 1.249159 1
5.177776 14.79534 1
4.512088 3.664527 1
8.731498 18.32548 1
9.608474 15.58842 -1
2.423731 10.65063 1
13.9584 6.453032 -1
2.182436 10.18751 1
1.723047 0.7740117 1
15.25204 0.3743674 1
19.14201 19.59801 1
7.297763 10.95478 -1
16.30816 19.67284 1
8.889687 5.666671 -1
3.004614 6.324474 1
13.36379 14.11029 -1
14.24771 18.32802 1
19.12011 16.35328 1
17.15587 11.07934 1
10.08793 13.78655 -1
13.89374 15.4459 1
6.369996 7.879303 -1
0.4964881 6.648265 1
8.307307 12.68808 -1
2.730899 19.26641 1
5.737461 11.72338 -1
3.528046 0.3211403 1
3.268815 0.8542505 1
13.9514 14.223 -1
18.48719 4.839248 1
14.77484 3.064826 1
15.32087 3.284 1
2.224627 8.31344 1
16.40292 15.63038 1
7.332927 5.82915 -1
13.03164 10.6437 -1
10.68608 1.465492 1
6.480628 3.696111 1
13.22802 19.41846 1
10.45829 9.659891 -1
11.36553 16.20161 1
2.935772 3.738202 1
0.5870127 1.640409 1
10.58224 13.92657 -1
15.0592 18.26586 1
2.401889 2.932876 1
12.59216 5.248685 -1
19.01171 10.82891 1
0.1250287 3.085996 1
5.654675 12.18305 -1
10.24534 12.67692 -1
5.355154 16.90175 1
6.234775 15.09376 1
1.037303 2.062553 1
13.84051 19.5727 1
7.626232 14.53294 -1
3.764704 8.827295 1
13.47371 18.57323 1
0.1290542 11.58267 1
2.696987 0.5842186 1
17.7312 2.476355 1
0.5711821 9.067072 1
3.427261 10.09876 1
18.05155 5.437394 1
2.45378 15.65171 1
3.571082 10.14202 1
13.76379 18.27524 1
19.41455 18.68861 1
10.84645 6.034024 -1
17.50343 5.493255 1
0.6031054 8.519691 1
0.08605335 15.4865 1
10.63962 7.868953 -1
19.16817 3.764862 1
11.77497 0.4384775 1
10.69986 8.542363 -1
0.3890086 5.070457 1
14.45185 7.76899 -1
12.10574 16.28808 1
13.47449 16.13601 1
17.04221 15.59991 1
19.60877 18.1888 1
16.00162 17.48421 1
0.7691513 5.48946 1
9.412749 14.78511 -1
7.726782 14.09503 -1
14.07924 17.20373 1
19.98111 9.211505 1
2.390301 5.084684 1
18.42745 15.55831 1
10.93059 14.28668 -1
13.66242 2.015303 1
4.951855 15.02872 1
9.753015 8.693328 -1
3.823392 11.64556 1
6.582869 14.55837 -1
12.55954 1.367415 1
8.451042 5.003196 -1
8.910918 1.897254 1
19.48488 13.15541 1
7.099802 13.67871 -1
14.35211 16.98986 1
12.71169 16.60483 1
14.46312 3.185276 1
5.089344 5.240347 1
5.378688 7.021057 -1
17.86063 17.91618 1
5.205422 2.755529 1
1.937485 17.59347 1
13.23694 0.9729023 1
7.731194 12.07582 -1
1.666068 17.76719 1
8.202236 13.16841 -1
1.535494 12.71182 1
8.752691 14.97792 -1
0.3005866 0.4930472 1
5.599807 5.272034 1
8.458507 17.25188 1
19.93457 16.67256 1
9.303608 8.347026 -1
0.5655949 6.567739 1
3.603985 18.58304 1
6.266869 19.56181 1
16.69774 14.64336 1
16.16199 5.695513 1
3.065711 11.31745 1
8.66031 18.51197 1
5.42422 15.02398 1
12.01264 16.58492 1
8.787628 19.54328 1
15.06933 1.751301 1
14.43258 10.11143 -1
4.939761 4.885641 1
1.42125 12.5886 1
9.457672 7.953542 -1
2.820959 5.264926 1
8.289863 4.889919 -1
0.4073074 1.163456 1
8.471838 3.083024 1
11.50032 8.640425 -1
16.47068 6.892137 1
16.54983 3.057178 1
11.91221 8.983139 -1
11.83274 7.087832 -1
19.84781 13.43453 1
5.239238 3.349649 1
7.884931 9.760325 -1
13.27769 18.81429 1
12.13515 13.49256 -1
13.64328 1.381228 1
18.14056 4.109136 1
5.185686 8.208449 -1
2.874554 17.80079 1
3.027586 3.770391 1
18.10467 4.260764 1
6.55214 8.929619 -1
5.084599 0.1472032 1
3.072607 8.177198 1
5.201469 11.37541 -1
18.19922 15.95662 1
13.0529 14.33342 -1
12.74079 16.02314 1
2.714304 19.47131 1
17.38 18.52954 1
11.61223 1.593013 1
9.028303 14.97928 -1
9.439739 10.11909 -1
10.49986 12.36154 -1
1.706451 8.341382 1
0.182624 14.11142 1
5.955553 8.062346 -1
8.983166 15.58705 -1
6.882389 16.30962 1
18.26505 7.737728 1
6.687719 5.100492 -1
13.61283 0.7597466 1
15.29334 17.68666 1
8.328325 3.807144 1
11.36835 9.162542 -1
5.494145 3.403245 1
0.4207895 4.498049 1
12.15816 16.51165 1
15.23246 11.57286 -1
19.48988 14.9655 1
9.64734 10.71107 -1
6.470747 16.86009 1
11.19278 4.087798 1
10.00107 4.990557 -1
5.350252 17.15374 1
9.140755 6.404685 -1
1.206259 9.642267 1
11.84182 6.511735 -1
7.980188 8.268557 -1
19.68594 11.75308 1
1.790769 6.69272 1
0.9931907 12.54391 1
2.847237 16.77938 1
13.69063 1.457504 1
15.90418 12.47151 1
0.3545886 15.30953 1
16.81974 3.299546 1
18.09039 15.97665 1
18.62975 16.75274 1
9.566964 11.20554 -1
7.685593 3.337768 1
18.45689 14.21461 1
0.02178772 19.08946 1
2.196986 10.77852 1
12.65623 5.646428 -1
8.531466 6.963905 -1
11.88692 7.736802 -1
13.17474 2.95462 1
9.717875 13.92684 -1
14.01285 14.4134 -1
10.39717 8.543565 -1
9.086374 12.87874 -1
16.79915 13.83123 1
9.584945 17.90671 1
11.55188 15.86517 1
7.88199 11.22745 -1
18.70159 8.480401 1
4.067484 18.453 1
8.235828 6.778578 -1
12.52212 3.757776 1
14.58239 2.91211 1
8.801273 10.25776 -1
3.940047 13.39068 1
3.42261 9.082938 1
10.12481 15.13577 -1
6.258776 4.702906 1
2.739888 15.15356 1
0.8083755 19.14203 1
14.25139 5.578151 1
17.41546 6.190562 1
9.504517 4.290273 -1
19.22664 16.79106 1
17.76444 17.30402 1
8.262313 3.406518 1
3.669318 14.72173 1
14.71879 2.939297 1
1.404718 10.25507 1
19.83101 7.485055 1
19.74229 18.82862 1
8.938694 3.408465 1
10.40862 0.502006 1
7.781903 16.41611 1
9.60639 3.179085 1
8.487562 3.548033 1
7.672026 4.925455 -1
4.201608 2.657677 1
9.363115 6.331559 -1
14.25326 10.29212 -1
3.685466 12.01021 1
12.49332 6.636031 -1
5.128371 0.0160927 1
5.41362 15.40308 1
0.4169764 3.319479 1
3.298187 12.48481 1
15.32255 13.32332 1
19.39974 15.42278 1
16.63946 14.007 1
15.78195 9.00251 -1
16.50837 2.810534 1
7.184674 14.58535 -1
8.816453 4.71428 -1
15.73449 18.74386 1
10.52013 12.06111 -1
13.57618 15.07316 1
16.00181 9.538892 1
3.79959 7.732082 1
6.335301 2.302663 1
18.28009 10.39252 1
15.08839 12.37883 -1
15.99913 6.286911 1
19.8809 16.00275 1
8.225484 14.34871 -1
5.525718 8.778833 -1
6.01822 15.35612 1
10.54961 5.25075 -1
13.78375 0.8749317 1
4.825535 17.90796 1
17.81958 0.4140913 1
4.281601 6.669757 1
4.88295 8.355862 -1
9.743296 8.225028 -1
16.483 5.783657 1
9.52373 11.66765 -1
9.087474 14.33679 -1
15.7269 5.389422 1
13.91412 4.129544 1
6.8114 0.8977623 1
14.70446 12.81371 -1
16.4888 1.385787 1
13.21815 1.741293 1
6.042894 18.22007 1
4.523546 10.75106 -1
15.75514 2.924658 1
2.906547 8.427337 1
4.483085 17.866 1
6.110922 8.41863 -1
7.495877 7.643272 -1
16.54362 11.65587 1
19.51975 2.441826 1
4.824975 13.85806 1
19.69136 11.68143 1
19.62921 5.160191 1
11.33663 9.654204 -1
14.06353 3.927773 1
3.203509 5.005872 1
3.925295 2.895814 1
13.45161 3.141656 1
2.312968 11.52323 1
3.701483 5.731937 1
10.02851 6.599073 -1
8.761108 0.6601368 1
9.853709 17.8609 1
19.2785 5.495495 1
16.63367 19.16813 1
4.354147 3.048587 1
13.29396 14.04697 -1
16.56081 19.36008 1
2.049934 14.36147 1
18.59085 19.36335 1
19.41444 6.100938 1
8.861126 18.97877 1
5.223828 19.47721 1
13.94071 3.215109 1
14.96702 4.35422 1
5.330304 5.020386 1
7.954386 13.78781 -1
12.41331 18.2259 1
5.096954 19.03122 1
1.827717 1.768308 1
5.881691 5.841131 -1
13.02054 14.8954 -1
19.57363 0.1549216 1
11.71191 9.878325 -1
6.335002 14.09153 -1
1.091722 7.9515 1
12.93237 4.338128 1
6.3175 3.927576 1
17.73795 9.782335 1
15.43631 10.3765 -1
3.920195 16.06339 1
10.52848 12.27945 -1
13.83782 19.33376 1
15.0942 19.50615 1
1.633658 18.33491 1
14.26313 3.018711 1
12.53375 16.82255 1
13.48166 13.57331 -1
13.0804 13.96572 -1
19.40515 5.068906 1
7.765299 4.062382 1
16.88011 0.8754871 1
3.262498 17.37881 1
12.08801 3.616258 1
7.47031 8.485736 -1
0.4879552 15.31462 1
3.594914 11.45122 1
17.84811 9.8183 1
15.31265 0.7410897 1
1.05758 0.2398655 1
5.060721 12.20576 -1
8.244667 8.000092 -1
19.8284 18.07301 1
15.41775 16.10983 1
10.85646 12.74419 -1
10.84717 3.772224 1
10.37719 10.3674 -1
2.611198 19.85781 1
19.18328 9.65299 1
9.01695 16.45902 1
7.245749 11.47794 -1
12.03584 13.14792 -1
17.84695 18.94851 1
19.4238 1.082532 1
18.97443 3.663363 1
18.26065 12.33931 1
12.90814 19.16528 1
0.008185683 15.55953 1
15.81771 8.880015 -1
1.047084 5.189487 1
1.961056 15.97818 1
12.75979 14.72612 -1
17.63856 16.71573 1
4.937431 13.22751 1
8.840022 17.9903 1
10.63502 5.659662 -1
11.72414 4.598561 -1
12.99412 13.58278 -1
0.1699255 15.09675 1
10.15314 0.8798946 1
18.64921 14.33522 1
17.13539 7.193102 1
14.48354 18.50786 1
10.86408 11.21191 -1
10.35922 7.051664 -1
4.040098 10.30327 -1
8.605906 3.827463 1
14.49796 11.26757 -1
18.71815 17.30972 1
15.50936 1.131224 1
14.01108 6.196286 -1
12.24251 0.9841344 1
13.02835 12.60099 -1
0.6151715 8.309582 1
6.171165 6.425407 -1
15.38961 0.7209694 1
18.72688 0.1671898 1
6.540273 7.62584 -1
18.84279 5.566692 1
0.2425786 19.1307 1
5.851649 13.72552 -1
2.868295 1.788358 1
13.9502 0.3317467 1
17.05376 7.896677 1
10.1006 1.72655 1
14.86463 2.860204 1
19.58739 9.021912 1
6.868818 12.45293 -1
2.092707 16.15126 1
14.16475 1.882547 1
17.89269 2.5545 1
5.040741 3.933809 1
11.66206 3.319129 1
11.57639 8.438717 -1
17.28719 6.872124 1
12.42478 13.15146 -1
17.06714 16.37866 1
15.27958 0.2855524 1
3.327991 10.45415 1
7.033933 12.6966 -1
15.54724 12.7185 1
18.20898 4.444615 1
11.56078 12.5294 -1
1.133584 9.704967 1
13.29837 14.08735 -1
5.533133 2.691532 1
11.40194 18.36003 1
1.238006 3.297149 1
8.684784 18.93449 1
10.1263 10.63107 -1
8.755357 8.61504 -1
10.60949 3.228474 1
9.301775 1.713172 1
5.793061 3.208722 1
13.74234 6.583265 -1
9.124937 11.63855 -1
9.117326 1.468154 1
6.335312 5.174197 1
4.345517 0.5961256 1
12.37303 19.13265 1
2.185544 1.871422 1
15.14034 3.199846 1
1.338991 9.733243 1
1.74952 18.70711 1
15.14066 11.98243 -1
11.60077 4.393505 -1
0.327849 16.40286 1
3.941243 6.932195 1
2.109009 14.98051 1
15.14284 9.847606 -1
6.736344 17.92486 1
15.96263 6.715107 1
4.962408 13.89458 1
13.57421 9.933784 -1
12.02472 16.06381 1
18.95163 8.088658 1
6.561455 10.99365 -1
8.445529 6.883935 -1
13.4747 7.40964 -1
1.889484 19.56853 1
19.96365 7.085949 1
8.068065 1.75991 1
14.9825 4.731432 1
11.31071 12.71447 -1
17.52691 19.40312 1
3.065188 9.365006 1
5.453285 2.525425 1
12.39631 4.260682 1
5.908791 8.425238 -1
18.23744 7.444413 1
16.15904 11.81574 1
6.682393 19.07685 1
13.03079 3.512111 1
17.83205 9.334196 1
7.957331 17.05731 1
13.4575 14.69937 -1
13.09103 15.57431 1
9.883954 19.65039 1
9.856798 14.20272 -1
11.73261 0.2309752 1
2.583873 0.859739 1
12.40687 12.6216 -1
12.99862 9.586625 -1
2.635373 4.03603 1
18.59735 4.184847 1
0.9751441 5.049458 1
9.172202 14.44507 -1
3.409494 8.147915 1
0.403556 8.991216 1
8.729115 11.47039 -1
6.899383 1.97651 1
4.757135 0.469602 1
5.945617 8.365819 -1
16.27398 9.878977 1
12.64147 12.74591 -1
14.40388 11.70607 -1
16.69263 18.00646 1
4.86054 15.2993 1
19.40886 14.06079 1
6.078228 3.444169 1
0.8767383 13.79602 1
10.73685 3.772484 1
16.08216 8.408042 1
5.527166 18.64595 1
12.16481 1.73604 1
19.24684 0.8655823 1
5.473605 0.2622249 1
13.33159 0.6073629 1
16.1026 11.93727 1
6.675984 4.632802 1
13.31264 12.7564 -1
11.39456 5.851435 -1
9.780963 9.269074 -1
8.356832 11.16574 -1
9.584531 8.110195 -1
8.739051 6.342764 -1
2.912987 5.284947 1
10.59365 13.10336 -1
11.23966 0.9846511 1
4.387438 17.53757 1
2.838653 17.62803 1
17.71416 10.90543 1
13.49907 13.5383 -1
6.232465 16.4304 1
4.67487 4.253177 1
19.1967 7.471593 1
7.384808 1.445427 1
10.13152 8.120342 -1
2.40146 4.885415 1
13.99152 6.81309 -1
0.05121035 14.36143 1
9.061424 4.05462 1
12.99699 12.90407 -1
17.95259 0.1886579 1
9.668577 0.2282296 1
9.367702 15.11795 -1
7.549833 9.138409 -1
1.794149 15.68462 1
15.04223 0.4891283 1
12.35236 16.24266 1
3.036609 11.92643 1
6.490869 5.331354 -1
8.9135 1.267458 1
18.95796 1.467561 1
15.15342 2.473305 1
10.7019 6.354245 -1
6.99313 17.57435 1
17.48636 8.477225 1
8.566602 13.65954 -1
17.90844 0.594999 1
15.58571 6.043807 1
6.761825 4.44664 1
14.88547 4.078743 1
19.92176 18.2464 1
19.65128 14.44691 1
13.07811 1.912332 1
12.53305 17.74886 1
3.776481 8.124781 1
7.870558 3.73007 1
15.14112 11.72953 -1
13.94612 16.48503 1
5.035234 7.195273 -1
9.526327 3.013457 1
8.124823 9.975486 -1
11.65204 13.31692 -1
7.118017 1.382691 1
2.580686 11.75736 1
0.6569546 16.9928 1
5.164605 2.044228 1
10.44588 4.834757 -1
1.345698 0.7115582 1
1.816283 0.7065183 1
9.395196 8.78957 -1
13.82119 9.244269 -1
13.79787 9.361585 -1
0.6066675 4.836532 1
18.51842 6.178912 1
6.648882 19.10067 1
1.008572 19.56655 1
14.92031 11.87202 -1
15.95392 9.946274 -1
6.594355 6.334354 -1
7.328888 11.69542 -1
19.33165 0.7756907 1
17.09191 6.783679 1
2.960176 5.82633 1
13.28419 10.30636 -1
10.38383 13.23456 -1
14.66875 4.328716 1
17.80008 0.7367571 1
9.192266 18.88055 1
16.17762 2.290459 1
12.71026 2.281485 1
2.864269 16.40177 1
5.108481 1.556282 1
15.98423 5.598053 1
7.123915 18.57386 1
8.880836 11.39942 -1
14.1172 15.48193 1
13.37763 17.69978 1
9.457924 13.0455 -1
12.15236 7.014187 -1
6.401408 14.78034 -1
11.55234 8.212058 -1
15.79508 13.41432 1
4.431921 16.67986 1
1.766474 14.18356 1
2.679752 17.07337 1
13.76865 4.303896 1
13.6241 5.047403 1
8.831148 2.929872 1
15.66721 15.53562 1
10.79945 17.36212 1
18.70242 14.71033 1
1.425527 18.98441 1
19.11736 19.18682 1
10.95109 0.100299 1
11.27883 16.14676 1
6.728189 9.163433 -1
15.88905 17.92992 1
10.72914 14.65221 -1
0.6066955 11.69416 1
17.12436 19.30437 1
3.831579 12.94036 1
15.89411 11.80747 1
17.63077 9.813307 1
1.85783 8.330228 1
8.86863 6.528052 -1
17.37829 16.61674 1
16.21474 9.039286 1
16.07792 16.84201 1
6.786531 16.81067 1
14.29697 5.245099 1
5.72877 1.666175 1
2.904723 6.532988 1
10.34518 4.605222 -1
8.414845 15.69418 -1
14.31826 14.17894 1
2.323177 3.973052 1
18.41126 11.49508 1
13.53054 5.762056 -1
18.81622 9.618057 1
1.35364 9.304049 1
17.32899 2.620858 1
11.23167 4.750782 -1
18.76847 10.11145 1
12.9487 6.849765 -1
1.851995 13.88713 1
7.86568 3.796026 1
17.39719 11.87926 1
13.5756 2.165403 1
10.03564 9.361123 -1
1.462292 13.02555 1
1.398461 6.16365 1
14.01197 14.68969 1
4.204875 13.40524 1
18.20548 4.71966 1
15.50874 10.31587 -1
18.0258 17.16847 1
15.45703 4.992917 1
7.916106 3.107912 1
10.43451 18.15394 1
7.764516 0.2337305 1
11.65653 1.56508 1
13.84219 0.4311298 1
6.313256 18.52715 1
6.575861 6.532001 -1
17.91947 11.36514 1
15.72642 9.455094 -1
8.155766 8.328094 -1
7.905588 11.16534 -1
8.608891 16.54198 1
0.5459065 5.363232 1
11.90597 8.229035 -1
11.34102 11.53613 -1
15.86133 10.69721 -1
8.338997 12.40427 -1
3.963156 10.46769 1
11.7309 11.88169 -1
1.596607 1.228561 1
1.369021 19.83338 1
12.32146 13.58084 -1
8.376437 5.677725 -1
6.829379 11.67348 -1
6.800187 4.143601 1
14.58945 8.570703 -1
9.012709 7.128936 -1
17.08733 16.75076 1
14.49902 13.89253 -1
17.60804 2.401284 1
8.327761 3.42749 1
10.22406 2.306058 1
4.569797 15.61605 1
10.18815 14.17159 -1
2.568845 7.451783 1
19.63424 3.844727 1
7.858488 6.927204 -1
6.959072 8.072206 -1
18.84388 15.02805 1
8.165539 14.86818 -1
18.53385 0.2324917 1
1.428849 7.197422 1
16.94668 7.290631 1
1.684497 1.210062 1
15.31695 7.212391 1
15.96867 17.83837 1
14.27366 19.19532 1
12.9008 17.94153 1
9.609324 10.01541 -1
9.011042 12.76039 -1
15.48957 12.65779 1
9.104633 19.3484 1
4.509358 10.74472 -1
0.7122146 2.085505 1
0.1698636 9.015122 1
17.90689 19.47097 1
5.726992 2.739853 1
3.867431 8.095269 1
1.998641 3.026635 1
5.359377 17.27917 1
13.93155 8.978091 -1
18.85464 15.35645 1
11.48311 1.795877 1
9.571068 8.663165 -1
14.0264 9.017541 -1
18.46288 8.82847 1
6.017011 15.40515 1
19.37861 5.87606 1
11.12786 2.080445 1
2.688064 6.20196 1
6.578416 19.59899 1
1.040198 6.301823 1
9.305505 16.4977 1
12.11137 11.53381 -1
15.32789 4.805531 1
15.94289 6.58269 1
4.65603 11.73188 -1
18.82883 6.51148 1
13.80315 13.74818 -1
7.865291 2.713481 1
1.173653 12.04905 1
8.0591 11.15232 -1
10.55224 9.078417 -1
13.45396 10.32184 -1
3.361243 17.99137 1
16.96741 19.9182 1
0.3385708 19.15742 1
10.70075 14.33256 -1
7.937893 12.55282 -1
6.050949 14.98541 1
9.684503 18.03726 1
13.33527 9.220874 -1
13.07465 11.88019 -1
4.17244 14.28514 1
16.57632 12.86713 1
12.07291 17.37968 1
14.21515 19.97458 1
5.028307 14.52937 1
11.53989 9.887876 -1
15.74958 0.2270874 1
3.043741 1.789535 1
8.172563 17.33652 1
7.83812 16.02469 1
6.244119 5.498613 -1
1.031125 4.496272 1
18.57359 1.250334 1
7.697231 12.87988 -1
13.02898 3.136391 1
18.71378 18.83823 1
18.07767 18.67205 1
4.905977 19.16882 1
13.74552 10.49411 -1
5.918462 19.58773 1
5.703042 0.3639879 1
14.12911 16.17138 1
2.792669 18.05002 1
16.80324 5.823861 1
11.94167 7.894968 -1
9.864699 15.99875 1
1.382753 17.04996 1
5.636073 18.67383 1
13.25401 12.08005 -1
14.29354 10.82257 -1
9.682448 1.335277 1
6.945605 1.891917 1
15.81559 12.70167 1
11.8102 17.07754 1
15.32111 3.874917 1
8.044015 17.67845 1
11.41806 8.250389 -1
10.32165 5.880131 -1
11.3695 4.859742 -1
1.703603 0.5235693 1
4.447098 1.87337 1
0.9382045 5.13401 1
13.27169 2.715026 1
17.45547 1.027713 1
13.03597 6.232151 -1
5.914814 1.665473 1
16.20057 15.09589 1
9.905283 4.367764 -1
13.41838 12.23719 -1
0.3557942 10.091 1
6.239813 19.7257 1
10.50275 8.066755 -1
19.85095 12.18625 1
4.580692 13.13236 1
6.728306 19.75594 1
7.304322 8.394268 -1
10.37644 13.76997 -1
6.375476 7.809079 -1
0.3970728 1.811594 1
8.620226 13.10056 -1
15.24619 10.78249 -1
4.04156 9.088959 1
17.9601 6.378542 1
1.477881 16.32217 1
18.34511 5.953887 1
12.46175 19.13231 1
4.503948 11.6126 -1
14.28376 4.721398 1
11.37062 12.87145 -1
5.283057 1.085442 1
18.13433 4.323109 1
14.29941 13.28003 -1
18.92783 17.52055 1
11.28903 2.430595 1
8.720411 2.096204 1
3.970692 11.60679 1
3.616967 7.25523 1
14.84481 15.45732 1
15.68414 1.413792 1
10.10665 13.47241 -1
10.70837 8.258521 -1
14.78726 0.7744186 1
7.294194 8.17201 -1
3.89032 18.76385 1
19.48622 1.654079 1
16.43846 7.525624 1
16.52854 7.534783 1
14.96623 10.92308 -1
16.48308 10.76153 1
10.16113 0.439557 1
15.08951 19.04729 1
7.60176 16.2489 1
1.983196 0.8549591 1
15.51535 17.24872 1
16.76779 18.82643 1
9.037257 9.956826 -1
2.764796 11.81065 1
10.37707 9.875813 -1
9.53585 13.52499 -1
5.985839 10.75582 -1
13.63023 12.52518 -1
2.944378 7.066332 1
5.657743 16.44507 1
15.07825 16.08218 1
12.289 3.921727 1
18.97424 4.922614 1
11.25266 9.667095 -1
18.3829 11.66108 1
0.6567605 18.53836 1
18.79122 6.439235 1
12.65666 6.641603 -1
1.996057 0.6597839 1
12.61682 6.481635 -1
4.760828 4.717892 1
17.15771 5.090417 1
1.387234 2.958095 1
4.775687 19.40531 1
6.809331 2.564332 1
16.10291 0.5354279 1
10.59116 5.538128 -1
5.776708 19.43316 1
4.959717 12.84606 -1
19.8522 4.114644 1
18.70416 13.0977 1
13.42775 18.71599 1
9.219052 10.99749 -1
14.73377 19.5466 1
18.09915 6.988623 1
10.52913 2.284594 1
14.44951 19.17611 1
11.68424 10.36036 -1
18.92447 7.198584 1
2.534493 16.01614 1
0.1469262 11.84735 1
2.857764 15.81857 1
15.55818 0.1213325 1
7.947198 13.25309 -1
0.662527 13.2235 1
1.681887 9.149996 1
0.8075886 8.502178 1
7.777472 11.66313 -1
11.29014 18.44172 1
15.87136 10.38974 -1
8.224329 5.229083 -1
1.306157 19.82071 1
12.03521 13.81831 -1
6.085917 11.41505 -1
13.85389 15.41635 1
0.5086882 17.76113 1
10.31157 3.836051 1
3.967718 6.856812 1
10.23994 17.60918 1
3.157815 9.09772 1
3.050295 1.480671 1
18.88408 4.875651 1
5.306736 1.379129 1
1.477005 5.947333 1
11.39864 0.02111324 1
19.07022 0.4827544 1
11.32722 12.14475 -1
7.791815 14.91784 -1
10.54119 3.037055 1
3.78336 1.739862 1
14.03542 16.53215 1
19.39921 5.246179 1
12.71481 3.920753 1
18.83843 16.97154 1
4.53446 0.9206601 1
1.423191 13.68096 1
15.28391 6.773645 1
7.339445 6.743658 -1
6.345005 16.43051 1
14.51397 10.65608 -1
12.34131 0.1385842 1
0.01641284 13.83277 1
16.34613 0.02593386 1
6.433915 18.16681 1
16.04424 9.049874 1
16.31562 7.202881 1
13.82582 1.417953 1
15.0623 6.518147 1
2.081464 13.6379 1
12.16084 1.385982 1
2.5407 4.505468 1
1.412873 10.47798 1
18.59792 5.389257 1
5.19885 4.553574 1
4.805308 1.048157 1
8.572839 14.11069 -1
8.523083 13.12728 -1
9.398553 13.89683 -1
16.51574 5.566433 1
8.900048 12.68888 -1
17.48684 0.6716146 1
0.9273008 15.48459 1
4.605044 14.22031 1
19.85514 13.86595 1
11.71134 0.8212984 1
4.662194 12.70711 -1
4.269668 13.12799 1
8.115376 7.835841 -1
18.72571 9.538436 1
15.23485 10.95687 -1
14.82708 1.88034 1
13.36151 14.99608 1
0.4770346 2.204926 1
18.6798 0.69854 1
12.0194 1.165473 1
10.00241 16.51503 1
4.73785 19.47196 1
3.899143 1.869086 1
3.578167 5.928287 1
5.872933 4.377613 1
5.534122 11.3329 -1
12.84223 3.984009 1
16.38596 15.86573 1
9.841022 15.39509 -1
5.011908 1.562712 1
15.17112 6.9773 -1
10.33158 17.94318 1
17.8618 15.6065 1
7.310108 5.931221 -1
15.00755 2.400117 1
15.54051 19.1566 1
1.846552 10.54587 1
10.81889 8.147163 -1
7.969255 4.797712 -1
9.228848 6.24629 -1
4.257674 12.79743 1
3.665503 10.85724 1
5.422751 3.494186 1
9.038107 9.377498 -1
18.61012 4.611301 1
12.3639 3.284706 1
15.68663 10.45669 -1
5.994354 3.025112 1
6.18345 6.794674 -1
1.61016 8.292645 1
14.55898 17.64695 1
10.92073 3.472816 1
8.837101 6.377525 -1
9.486345 2.296367 1
13.16512 8.238799 -1
7.896478 5.04331 -1
6.166245 18.76562 1
17.30504 2.373695 1
3.311797 19.47434 1
12.52042 14.36761 -1
6.568392 17.93261 1
7.321105 10.39625 -1
10.03621 12.25581 -1
3.469964 11.38986 1
4.551513 7.793775 -1
1.963713 1.174581 1
3.187552 0.9362022 1
11.68731 6.610728 -1
1.87669 0.1926867 1
2.020139 19.04523 1
14.00784 6.74174 -1
16.21238 10.37132 1
16.71482 7.320595 1
17.11846 16.92101 1
13.15165 3.620659 1
19.71332 6.709108 1
14.27425 7.242549 -1
1.724253 16.62637 1
10.32584 0.524484 1
13.4366 16.5813 1
2.907562 18.09648 1
17.74485 5.371347 1
6.275086 6.721897 -1
1.855757 5.230042 1
7.078306 10.69431 -1
0.4970044 3.11911 1
17.4542 13.4752 1
0.3597688 19.82665 1
1.720236 16.94979 1
13.68143 2.715618 1
15.13734 6.548949 1
18.23822 0.9308544 1
8.08046 15.2546 -1
6.900331 15.945 1
19.21195 15.06094 1
16.28489 1.352206 1
6.756083 5.438844 -1
16.13766 15.91136 1
8.996885 10.84103 -1
4.096231 9.992927 -1
5.464838 11.88842 -1
9.842709 2.457339 1
3.123654 16.59421 1
9.254906 0.7990521 1
6.882781 1.897601 1
14.90613 13.37605 -1
6.843057 10.72099 -1
1.44395 16.35861 1
19.85826 16.814 1
17.29089 11.02048 1
19.82157 5.910755 1
6.018094 12.01736 -1
14.40942 19.1448 1
16.36303 12.01536 1
17.33753 4.448408 1
10.82977 10.87921 -1
12.85356 3.688501 1
17.25078 3.248926 1
16.70624 15.78088 1
17.8072 11.48625 1
5.999699 6.101278 -1
9.062222 17.31435 1
0.1548125 2.908833 1
14.50915 16.0351 1
3.994894 19.77905 1
16.0531 12.18289 1
13.55014 13.07575 -1
10.17136 19.55408 1
5.870325 17.82535 1
8.047915 3.978856 1
0.2311782 17.23955 1
3.461518 2.434373 1
11.06783 4.026924 1
0.5224988 3.154556 1
13.47021 18.19502 1
19.65237 4.077386 1
19.0068 5.804632 1
5.020782 13.72029 1
16.84853 8.703745 1
11.86255 11.50059 -1
4.635648 0.327929 1
8.020465 17.55848 1
8.39531 18.64688 1
17.32907 19.77781 1
13.51714 17.6967 1
17.3786 18.88089 1
7.732963 13.82834 -1
11.25508 8.760152 -1
2.63976 6.627849 1
6.246514 16.12789 1
2.386334 11.35459 1
2.564892 5.79987 1
0.1266799 11.97571 1
13.17609 7.745508 -1
8.054968 16.45107 1
2.70555 17.16658 1
5.962798 16.54732 1
19.34321 19.90325 1
9.219083 5.903035 -1
14.03906 12.42095 -1
6.697856 0.7446937 1
9.637414 15.77351 -1
0.8164226 0.7714775 1
16.34442 5.178456 1
14.54956 16.26063 1
11.08053 10.22068 -1
2.457231 15.73466 1
9.114258 13.28105 -1
17.76304 2.220594 1
17.4318 16.4196 1
5.470794 9.583559 -1
11.72284 17.06607 1
14.99115 0.2120211 1
12.9181 11.18564 -1
14.48514 11.35183 -1
19.54107 16.73672 1
12.58879 13.82556 -1
9.430032 1.64164 1
1.71718 6.791384 1
4.983448 19.3552 1
15.63129 7.997631 -1
13.19595 11.79434 -1
5.370544 12.48487 -1
14.70935 10.22814 -1
7.433066 6.062153 -1
2.140213 6.998488 1
8.471232 17.61946 1
6.95016 17.1143 1
9.021857 12.57134 -1
0.7823617 0.6044016 1
7.853381 5.158785 -1
10.69332 3.197728 1
16.71956 14.3438 1
17.6319 8.63167 1
6.304629 7.472617 -1
11.56387 10.97165 -1
17.23715 18.0766 1
0.7883134 17.47316 1
16.38761 19.9285 1
11.69553 2.50628 1
5.502672 2.68996 1
3.752572 8.422982 1
9.211615 12.54258 -1
8.265493 14.96932 -1
6.8754 12.31573 -1
12.61978 9.145836 -1
6.009022 4.379046 1
11.50182 10.4725 -1
17.30431 9.998224 1
15.07478 11.02674 -1
14.85297 6.077679 1
3.923508 19.96045 1
14.49828 11.16856 -1
9.761341 10.39463 -1
16.83115 9.476997 1
0.7266899 9.093357 1
0.8758187 18.27608 1
15.10173 5.163421 1
1.406213 2.270337 1
13.98611 4.176981 1
6.078309 2.662573 1
1.75627 13.98889 1
14.85283 2.418038 1
4.96263 12.8581 -1
6.574779 10.31581 -1
0.1688511 6.389383 1
4.853724 0.6687834 1
7.65331 19.42499 1
18.76645 3.792123 1
13.9247 18.04305 1
2.781239 17.87086 1
18.13818 17.3984 1
11.58904 3.526426 1
8.270017 7.73294 -1
9.277316 6.3384 -1
9.066288 15.03397 -1
16.01211 10.89779 1
4.948433 12.1904 -1
4.321409 9.934613 -1
5.107615 12.08024 -1
6.205929 16.90324 1
3.819853 6.515337 1
9.308146 14.33731 -1
4.239634 0.2070353 1
10.62277 15.67674 -1
6.396969 17.61409 1
8.345634 15.94306 1
1.395742 8.207448 1
4.524397 4.357867 1
2.39985 11.32641 1
14.14802 17.22969 1
3.580785 0.2363784 1
1.249524 5.134877 1
10.37727 13.95593 -1
15.72035 15.46291 1
15.10358 8.831839 -1
18.68451 1.844462 1
11.83713 5.877999 -1
14.05101 11.62284 -1
8.090256 17.25174 1
19.28679 8.062982 1
17.11017 13.60058 1
19.94143 11.4522 1
7.534764 13.78121 -1
14.15644 12.90156 -1
12.03962 6.08504 -1
7.796914 15.14004 -1
12.55554 10.46753 -1
13.2917 9.003088 -1
5.726734 13.65181 -1
7.362946 5.433114 -1
6.544533 12.35063 -1
14.3451 10.46957 -1
14.00417 9.213296 -1
7.179005 10.88854 -1
14.58736 7.594309 -1
8.219908 11.3453 -1
9.338436 10.6875 -1
6.389465 5.369882 -1
9.112502 14.33047 -1
10.86457 10.52387 -1
7.240878 13.7489 -1
14.16037 12.21652 -1
8.380177 4.456647 -1
12.69477 10.72289 -1
13.60531 8.750611 -1
7.63176 7.074375 -1
9.517907 13.8902 -1
8.977456 6.407925 -1
10.92507 14.70078 -1
11.88334 12.05026 -1
11.14662 13.58675 -1
15.11344 12.24865 -1
8.249643 13.27938 -1
6.348135 7.684959 -1
9.602695 13.74745 -1
6.430381 6.791532 -1
8.268768 13.21949 -1
7.529855 13.73855 -1
7.713203 5.132232 -1
6.451135 9.681843 -1
14.30962 8.596849 -1
8.412581 12.43031 -1
5.010611 10.69716 -1
6.641467 11.27524 -1
11.19472 5.239764 -1
4.671232 8.823675 -1
9.492027 5.001762 -1
12.75707 14.61021 -1
14.93982 8.435546 -1
10.5369 6.66463 -1
11.7873 14.19063 -1
13.97837 12.07848 -1
8.853953 13.9081 -1
6.870075 6.839386 -1
9.787904 4.419354 -1
14.01152 13.66202 -1
7.475484 9.536887 -1
11.34124 7.528803 -1
8.895141 6.948223 -1
8.366553 13.17871 -1
9.290709 9.21472 -1
8.285165 14.53592 -1
9.921057 14.19025 -1
13.18537 11.96097 -1
6.506129 7.93513 -1
5.753774 13.12035 -1
9.759363 8.335258 -1
6.562772 5.914076 -1
8.76987 15.51664 -1
11.27387 15.41585 -1
10.89131 4.21398 -1
9.736407 6.683821 -1
11.02317 8.925663 -1
9.993505 12.49827 -1
5.507751 8.007967 -1
11.17045 6.833543 -1
12.91299 5.001639 -1
11.84393 5.397369 -1
7.684036 5.230121 -1
8.649411 6.09648 -1
12.34705 14.56057 -1
14.22048 6.532384 -1
13.77083 10.68381 -1
11.86081 14.56839 -1
9.925929 10.01049 -1
15.13046 8.662286 -1
15.19299 8.865735 -1
6.161209 8.537754 -1
12.65459 13.03112 -1
7.319318 7.557311 -1
7.887511 10.36772 -1
6.878788 10.46966 -1
10.07377 9.62434 -1
7.304702 13.21375 -1
9.465425 14.64904 -1
15.34081 11.56952 -1
15.40287 12.45849 -1
10.17095 5.652687 -1
10.73434 4.742093 -1
6.771823 8.16673 -1
15.87234 9.554098 -1
12.28288 7.774302 -1
8.026057 14.52982 -1
10.65953 8.464448 -1
5.258528 7.936096 -1
14.29691 12.52508 -1
15.23377 8.179378 -1
9.402322 8.009166 -1
14.2588 12.11805 -1
6.894287 12.25418 -1
4.91218 7.601727 -1
12.72357 11.15007 -1
7.786861 12.52065 -1
14.78226 6.682296 -1
7.25297 11.93839 -1
12.83439 12.0075 -1
7.205867 12.20854 -1
5.029826 7.322883 -1
12.81946 10.70362 -1
7.697959 10.28537 -1
10.63708 12.52704 -1
12.98681 5.510571 -1
7.051341 7.839528 -1
7.726064 13.41773 -1
6.876607 9.592399 -1
4.580717 9.855994 -1
6.660395 9.326693 -1
14.36753 8.443299 -1
9.036787 9.823786 -1
6.121501 13.54847 -1
15.44103 9.441229 -1
5.181784 11.57102 -1
6.757335 5.03143 -1
7.146899 8.242502 -1
14.36759 12.83396 -1
11.48131 8.209347 -1
13.80843 5.37553 -1
8.691025 6.784086 -1
10.47314 12.71389 -1
12.99115 14.01394 -1
9.279379 12.34782 -1
13.65978 13.15832 -1
10.04543 12.61546 -1
15.14727 10.65458 -1
9.457119 5.602061 -1
7.251612 9.794538 -1
9.671531 10.66554 -1
7.021393 12.18728 -1
10.13214 6.119031 -1
12.4545 13.22145 -1
10.12296 5.430606 -1
13.07115 14.66858 -1
8.968575 15.34355 -1
14.14568 14.13371 -1
9.992771 13.18209 -1
11.68353 10.1382 -1
11.72835 4.276111 -1
11.96765 15.45527 -1
12.79842 14.24088 -1
5.087751 12.96938 -1
8.573844 15.27874 -1
10.06728 11.02379 -1
9.208662 10.1046 -1
10.3636 9.043298 -1
14.34695 9.750386 -1
13.25454 8.89305 -1
9.430736 14.13509 -1
7.367885 10.69029 -1
5.415496 6.316063 -1
14.55483 11.89436 -1
10.42807 9.25562 -1
10.80742 13.83227 -1
8.534713 14.74127 -1
12.34913 13.86235 -1
6.652797 13.6492 -1
7.233359 13.25268 -1
4.999953 11.13441 -1
6.14666 9.419202 -1
12.86495 15.07039 -1
12.43965 14.43292 -1
6.502345 7.54297 -1
8.816299 6.066644 -1
8.25742 15.13385 -1
8.50116 10.5771 -1
7.936945 9.92956 -1
6.610371 13.95194 -1
4.7062 8.805474 -1
11.2701 12.36266 -1
8.643648 9.979158 -1
6.254094 6.373003 -1
11.79452 13.72554 -1
14.74634 7.483241 -1
11.2584 14.5201 -1
12.81503 13.66667 -1
12.48457 10.1861 -1
14.36672 7.164284 -1
9.933493 12.44489 -1
8.24327 8.3842 -1
7.589284 13.88695 -1
4.672253 10.22933 -1
14.86939 11.4547 -1
11.99902 13.5266 -1
9.714517 15.29127 -1
6.077383 11.67412 -1
9.937479 8.146615 -1
13.12765 10.6996 -1
8.384158 5.8631 -1
14.47714 13.65059 -1
13.86077 14.21965 -1
8.339505 12.41821 -1
4.221222 10.3712 -1
14.72268 7.523675 -1
11.2253 5.568125 -1
13.4119 11.53016 -1
10.72651 14.04562 -1
12.35609 12.09147 -1
5.715864 13.43695 -1
12.21044 7.646736 -1
9.16188 10.68904 -1
6.945332 12.69106 -1
7.450611 13.05247 -1
13.35769 5.765167 -1
11.16951 5.384489 -1
14.05037 6.299796 -1
8.030504 12.91214 -1
5.590696 13.76828 -1
11.74206 6.757973 -1
11.5589 7.87098 -1
8.744757 8.350114 -1
10.40502 8.224008 -1
12.15878 8.674862 -1
10.81758 13.41464 -1
4.888008 8.985019 -1
6.01389 9.739943 -1
7.552464 8.172066 -1
10.57316 12.43772 -1
15.06871 10.28637 -1
11.97372 6.216863 -1
9.034488 14.54711 -1
9.550241 9.195177 -1
11.49653 15.5227 -1
12.29392 14.29532 -1
10.50052 14.50383 -1
9.217492 15.44132 -1
12.60186 5.66224 -1
10.91867 14.73917 -1
11.42895 6.513532 -1
14.46193 9.38019 -1
5.077826 7.740672 -1
9.651424 11.63405 -1
10.98055 7.186112 -1
12.01628 10.11374 -1
6.3368 8.1706 -1
14.74982 7.142138 -1
9.929445 8.33379 -1
14.73706 12.38141 -1
8.753111 4.768495 -1
11.22713 11.79043 -1
9.585679 8.673398 -1
10.43258 15.37236 -1
10.90323 13.58203 -1
7.251388 8.349705 -1
9.043587 15.56078 -1
10.22757 14.74692 -1
10.08676 14.63103 -1
9.320382 10.18841 -1
9.24581 4.22524 -1
9.169702 12.50447 -1
8.185013 4.348806 -1
13.24179 5.219975 -1
8.098058 13.67089 -1
5.423245 13.18704 -1
8.354822 10.03309 -1
8.357249 6.233201 -1
9.302763 15.18025 -1
6.347187 10.43744 -1
13.89786 8.126173 -1
9.568592 8.567115 -1
12.83713 5.076918 -1
4.62036 11.60922 -1
12.02759 7.274181 -1
11.29206 6.558761 -1
6.004716 11.66055 -1
6.939315 14.86871 -1
11.83182 8.469119 -1
5.879873 8.358652 -1
13.08013 11.50705 -1
14.34983 6.959743 -1
13.02326 6.354697 -1
9.894152 6.402419 -1
14.921 13.01746 -1
11.44365 4.512417 -1
11.05594 6.759991 -1
13.55741 7.776572 -1
7.150948 5.157562 -1
14.27218 5.929044 -1
5.386155 11.01076 -1
7.694293 6.229318 -1
9.823752 7.777558 -1
6.524774 9.837411 -1
10.80101 10.21308 -1
14.82364 7.698824 -1
7.099901 7.861265 -1
13.78442 14.37329 -1
12.22379 12.85762 -1
14.33892 7.088281 -1
13.59989 5.576386 -1
13.99314 12.15148 -1
12.06053 12.45736 -1
9.402781 11.02242 -1
15.35818 12.24561 -1
6.256499 10.51579 -1
11.86345 4.333407 -1
11.24678 5.164697 -1
12.27232 5.147346 -1
15.80444 10.06145 -1
9.45185 11.20422 -1
12.06824 5.766811 -1
15.75642 8.354276 -1
4.972099 7.831556 -1
8.173571 8.202826 -1
13.32658 10.17459 -1
6.587851 14.86048 -1
10.85725 12.17028 -1
7.84246 5.818076 -1
9.547143 13.31309 -1
9.229531 14.10908 -1
6.82132 6.027236 -1
5.545864 12.26035 -1
4.286314 9.219009 -1
12.05769 10.74568 -1
14.5595 7.474159 -1
8.508448 8.715207 -1
8.431665 5.598631 -1
4.327822 11.12167 -1
14.47007 9.255343 -1
11.04694 15.56891 -1
7.505039 12.92677 -1
9.149245 11.00478 -1
12.85194 12.24014 -1
6.378816 8.917549 -1
5.677412 5.935325 -1
8.877895 14.88876 -1
7.196534 5.529082 -1
12.57544 9.619483 -1
6.6447 6.346896 -1
11.30604 13.86135 -1
12.27102 7.79107 -1
12.01424 8.969843 -1
8.775376 8.252611 -1
7.738311 10.28773 -1
5.528944 10.28608 -1
9.329272 12.75117 -1
10.69158 6.787589 -1
4.552554 11.98783 -1
7.894821 13.13979 -1
10.78451 9.303469 -1
9.222486 14.10282 -1
6.347516 10.08375 -1
7.959925 11.08033 -1
7.167724 6.319875 -1
5.918562 11.32766 -1
10.35785 7.602769 -1
4.924424 10.35814 -1
9.289686 9.907299 -1
14.30365 12.6177 -1
7.234735 14.13312 -1
15.25937 7.459666 -1
8.591152 13.57238 -1
8.269177 5.100976 -1
6.426673 8.255945 -1
6.467912 7.735489 -1
9.369976 14.13876 -1
8.280731 12.10202 -1
4.503106 12.07016 -1
9.363526 9.631675 -1
13.95275 5.487981 -1
11.5674 15.48405 -1
4.7499 7.155196 -1
5.589549 10.41166 -1
11.68819 11.76412 -1
6.972603 5.299223 -1
15.06295 10.53469 -1
11.69141 8.983281 -1
12.93073 5.651938 -1
12.40593 14.33834 -1
10.59265 5.61276 -1
12.09224 15.39867 -1
8.464726 7.755184 -1
15.22701 9.313714 -1
8.880435 13.24187 -1
13.86081 5.846385 -1
9.9087 14.38405 -1
11.74668 14.48654 -1
8.71965 11.08554 -1
14.37781 12.70796 -1
8.384653 7.716618 -1
7.608376 11.8982 -1
7.390402 4.746264 -1
7.28309 13.10129 -1
8.801848 9.537898 -1
11.6649 6.875242 -1
5.999396 12.95298 -1
8.833542 8.613662 -1
9.475792 14.2008 -1
13.85894 14.34693 -1
9.654569 15.03684 -1
9.50941 4.839913 -1
9.137232 13.21448 -1
11.80819 4.615132 -1
12.72181 7.264679 -1
5.952265 9.000604 -1
11.93091 7.796127 -1
10.509 10.27265 -1
8.437771 10.17461 -1
8.561663 4.86066 -1
12.15998 12.08285 -1
5.085289 9.321223 -1
12.62123 6.895043 -1
11.49443 15.73421 -1
13.33832 8.347314 -1
11.80783 8.375549 -1
6.038469 12.92316 -1
13.36623 5.744785 -1
14.43884 13.49398 -1
6.553582 10.7528 -1
10.6232 5.912726 -1
7.992992 11.81168 -1
10.66993 10.40025 -1
6.807967 14.89643 -1
5.319834 8.644955 -1
7.140916 14.65886 -1
6.374306 5.813317 -1
10.20176 4.483305 -1
5.816224 8.36467 -1
6.106616 8.101497 -1
4.92628 12.06574 -1
13.38314 14.68838 -1
4.733134 7.659763 -1
12.28866 9.8679 -1
12.45255 12.23917 -1
8.002799 8.874162 -1
11.10016 7.594442 -1
13.29252 5.718841 -1
4.912674 9.556478 -1
5.931047 5.681809 -1
7.71439 6.642933 -1
7.543658 10.62806 -1
13.92122 12.93124 -1
5.206162 12.07055 -1
11.5481 12.27137 -1
14.99538 7.610714 -1
12.02733 4.514775 -1
8.52077 8.980515 -1
13.81749 5.867317 -1
14.61561 9.917154 -1
12.2276 6.241286 -1
8.716779 10.15177 -1
4.968418 9.048242 -1
14.91725 8.780453 -1
5.245216 6.988993 -1
13.60676 6.768358 -1
9.735811 12.44132 -1
11.32404 4.811815 -1
12.12744 13.9153 -1
15.72578 9.10253 -1
8.632319 14.27776 -1
7.206914 5.304567 -1
15.355 11.7163 -1
8.733236 13.66147 -1
8.603958 7.583609 -1
5.914041 13.0055 -1
5.850449 12.89247 -1
7.442025 9.559592 -1
7.630179 7.47822 -1
11.38468 13.41167 -1
8.17487 8.546388 -1
9.596681 11.55453 -1
13.01287 13.42146 -1
6.627924 9.276551 -1
14.38588 6.496062 -1
7.112636 11.16086 -1
9.933712 9.775501 -1
11.65985 13.63944 -1
12.79478 8.609999 -1
4.886461 12.48296 -1
6.66996 6.93323 -1
14.89946 6.759359 -1
6.103534 5.550505 -1
14.51381 9.83718 -1
11.10839 7.473877 -1
6.117872 11.15616 -1
11.86761 13.64628 -1
5.143817 8.428514 -1
12.51187 10.11476 -1
9.690829 15.72257 -1
10.85007 8.266489 -1
6.608632 12.63886 -1
6.971206 6.34687 -1
6.259844 7.790192 -1
13.2241 12.48176 -1
9.32293 8.117346 -1
5.528638 12.43187 -1
14.51483 9.653182 -1
11.96897 13.04478 -1
7.501666 4.772524 -1
12.18832 9.560101 -1
10.67305 10.27064 -1
7.110218 6.289263 -1
9.924669 9.704168 -1
14.96566 12.4448 -1
5.256215 11.71081 -1
12.39025 7.918575 -1
6.487689 6.983136 -1
7.975496 7.596829 -1
8.011923 6.253259 -1
14.39104 9.5488 -1
4.43194 11.12092 -1
9.635189 9.104262 -1
8.666116 13.19034 -1
12.44368 5.650339 -1
8.920323 10.36575 -1
5.561291 11.3273 -1
13.90557 14.46537 -1
10.10275 4.58648 -1
9.910753 9.105602 -1
7.647877 9.300634 -1
11.31411 5.790113 -1
11.2523 11.11364 -1
11.99247 8.148301 -1
6.845122 11.09764 -1
10.70769 11.33372 -1
10.01475 4.558266 -1
4.786013 12.39783 -1
5.824428 9.268863 -1
13.05682 6.745881 -1
14.48831 12.15334 -1
11.66794 13.15572 -1
5.814806 13.2076 -1
8.276036 11.1998 -1
13.34212 5.539904 -1
9.410098 11.35191 -1
12.3653 15.39025 -1
8.004953 8.073373 -1
6.58302 12.61683 -1
13.40376 8.948406 -1
8.284185 12.75166 -1
11.81557 11.15119 -1
12.354 5.931072 -1
5.830092 7.508236 -1
9.06038 14.45098 -1
12.33326 7.348854 -1
6.581971 8.408144 -1
10.55805 7.897007 -1
13.11981 9.81562 -1
14.01831 6.865632 -1
11.29495 8.465176 -1
5.787383 12.69993 -1
11.0942 12.41077 -1
4.505723 8.822137 -1
6.471684 11.79831 -1
9.725088 7.019498 -1
13.43508 7.789474 -1
9.286664 14.80744 -1
14.38701 11.13675 -1
15.53412 8.345514 -1
12.76433 12.81516 -1
14.74698 11.02841 -1
15.12629 10.52696 -1
5.092042 9.785036 -1
14.43513 13.46881 -1
12.25692 5.703812 -1
8.559905 11.80848 -1
8.567265 6.198158 -1
