19.72494 15.45038 1
9.843785 0.1437739 1
2.028382 16.13474 1
17.00576 18.01206 1
7.447046 1.86158 1
9.831533 13.87668 -1
15.84623 9.895202 -1
5.322857 7.655139 -1
0.9336213 15.49928 1
1.60462 12.6834 1
8.404883 8.892653 -1
3.115061 16.20861 1
9.303859 9.948342 -1
2.805661 4.890987 1
14.2402 6.614341 -1
4.985191 6.636179 1
2.114175 5.074571 1
6.506686 8.445901 -1
7.22299 3.076638 1
15.70956 0.7481377 1
6.482445 15.95472 1
13.40858 13.27536 -1
18.08738 17.57779 1
18.46199 7.422059 1
14.69091 8.513738 -1
10.32266 3.345705 1
2.897281 8.171619 1
2.511834 10.83229 1
12.33531 13.63517 -1
10.83992 12.08004 -1
13.32907 12.11477 -1
3.771858 0.8327045 1
16.87639 3.195354 1
11.7625 10.77166 -1
3.388516 16.87696 1
0.4321496 17.85698 1
19.78972 0.8564819 1
6.200953 12.45016 -1
15.48407 9.839704 -1
18.12123 11.72607 1
11.48635 15.3836 -1
10.20008 5.726466 -1
16.29168 1.639486 1
3.738898 13.94256 1
2.562737 15.6744 1
16.11059 13.58782 1
12.23672 3.629521 1
7.419063 14.36767 -1
12.18286 12.57588 -1
16.39897 14.89203 1
5.815282 7.690332 -1
4.033543 17.81396 1
8.081588 12.46568 -1
3.555982 2.040799 1
1.970667 10.06167 1
15.34822 2.495611 1
15.51395 19.11384 1
0.5936901 17.94547 1
1.914698 18.04539 1
4.541021 15.2369 1
19.45646 17.81995 1
8.208923 7.714118 -1
0.766369 6.844334 1
5.620259 16.1602 1
13.43742 11.83328 -1
0.2672971 2.908188 1
13.44073 3.229197 1
5.910791 3.796017 1
11.35006 12.38612 -1
17.64488 3.826008 1
18.0835 1.698099 1
11.97189 12.50106 -1
0.3261803 13.61498 1
18.07387 13.12288 1
3.035831 9.47359 1
12.45297 14.13747 -1
8.034859 1.162066 1
15.43557 7.995333 -1
19.48141 16.31943 1
17.04759 1.237254 1
6.845416 7.395781 -1
8.60338 10.13739 -1
9.794376 12.44003 -1
9.054876 12.28475 -1
13.20305 16.79767 1
6.595414 9.528579 -1
0.400515 0.7150133 1
17.1534 17.75836 1
5.848061 15.70786 1
7.387937 7.151393 -1
8.770467 12.49738 -1
13.12437 3.963829 1
19.38031 6.129826 1
14.87333 12.27867 -1
7.793623 17.91546 1
4.314608 15.03063 1
15.33853 16.40762 1
16.98059 10.68772 1
13.09472 1.834502 1
2.706688 7.88615 1
4.5601 5.789116 1
19.91983 6.238158 1
2.878176 2.924396 1
13.73696 7.319846 -1
4.008667 17.67722 1
2.147272 3.77355 1
8.931488 9.896194 -1
12.46679 14.34804 -1
14.27141 4.639551 1
10.75708 3.66455 1
17.5667 16.77621 1
4.491128 15.28759 1
12.48306 11.56478 -1
14.19005 3.992891 1
3.734421 6.465675 1
4.663638 4.013558 1
13.00117 19.50179 1
2.591293 2.981351 1
12.57755 6.886212 -1
1.085653 16.45591 1
12.39287 7.553483 -1
8.27 10.11641 -1
15.76819 0.5410581 1
6.099145 5.442338 -1
3.940837 2.632554 1
16.41631 8.455168 1
11.07742 19.04214 1
10.31945 7.783892 -1
1.297988 4.632236 1
13.75509 11.3134 -1
8.734349 9.744065 -1
3.585425 17.54299 1
13.01358 18.13371 1
10.77238 9.429702 -1
7.304902 9.485435 -1
1.77049 7.385198 1
3.553898 14.30117 1
11.27168 10.01322 -1
8.506207 14.37472 -1
19.51941 11.94201 1
5.465636 8.747708 -1
0.0520537 1.101867 1
10.04936 16.20847 1
12.93614 13.95903 -1
9.182338 14.8074 -1
1.683363 7.945312 1
13.13112 9.772258 -1
7.721561 2.648805 1
3.968059 10.72701 1
17.10283 17.63447 1
9.768679 16.66944 1
18.13744 14.4554 1
0.8620648 9.031115 1
4.901269 16.77625 1
7.770458 0.3062315 1
19.27768 6.923266 1
5.112829 1.813087 1
5.847759 19.98664 1
9.692012 2.483558 1
7.49363 16.80511 1
5.197577 16.81335 1
0.247364 12.4975 1
7.802073 13.82518 -1
14.25408 13.78164 -1
6.579608 8.622875 -1
6.045159 17.7792 1
17.27189 1.884935 1
2.173328 8.796193 1
10.61027 5.596652 -1
0.2398021 1.018247 1
11.3072 16.15988 1
6.188575 8.876106 -1
15.52972 14.7601 1
2.832482 11.31803 1
3.924498 7.73492 1
12.95679 1.484501 1
3.233378 0.2977204 1
12.4369 12.95533 -1
16.42208 5.639936 1
6.653329 7.036887 -1
14.77704 11.11963 -1
10.19664 19.14758 1
14.26107 1.498485 1
9.651373 3.227895 1
19.63976 17.05157 1
9.376369 4.095359 -1
2.243756 6.475383 1
5.497906 9.037693 -1
10.62477 11.37126 -1
16.96778 13.04198 1
10.9927 2.936049 1
9.857142 18.84469 1
15.66608 4.560658 1
14.54582 16.97417 1
9.44804 9.217996 -1
12.37411 4.970335 -1
18.94332 13.20292 1
6.241212 0.1875729 1
5.96324 7.040992 -1
14.61503 14.03123 1
5.108723 19.60459 1
11.67827 6.872931 -1
18.35855 8.861434 1
19.24075 16.758 1
14.79981 3.399202 1
2.33056 5.050821 1
8.672152 13.61135 -1
16.04419 11.84099 1
1.262486 11.35196 1
3.4815 9.700415 1
6.952663 12.6772 -1
13.77985 10.42176 -1
4.677453 4.406034 1
5.152036 9.04084 -1
0.2341711 5.310333 1
3.074453 3.58378 1
16.75622 2.936552 1
7.933253 11.38811 -1
11.25778 2.984211 1
0.4861378 6.804648 1
5.319913 17.78783 1
2.174359 6.048838 1
6.887435 7.323292 -1
16.29818 5.331971 1
17.15872 14.40023 1
18.92509 14.61128 1
3.559492 4.914619 1
7.078569 12.43152 -1
5.824733 1.256507 1
2.195478 13.95252 1
3.709398 10.1999 1
16.52382 9.489481 1
0.3247485 18.74678 1
8.294597 5.7356 -1
5.678099 4.656083 1
0.5832089 18.27827 1
10.86582 16.67685 1
4.380501 9.164837 -1
10.50284 7.731016 -1
3.534329 17.35416 1
8.10785 19.82006 1
11.88212 5.833946 -1
6.385246 8.463169 -1
0.02428744 11.84161 1
15.85798 15.50173 1
5.563375 10.00127 -1
0.7887331 6.533622 1
3.095251 15.12001 1
1.264002 12.68488 1
5.72409 8.140654 -1
19.0287 10.56258 1
19.65387 12.50264 1
13.81702 0.6468124 1
3.745466 6.88264 1
0.5341182 17.91373 1
1.928682 18.09372 1
17.72218 4.841317 1
5.844666 3.889333 1
18.31779 10.68988 1
3.104234 11.86158 1
18.72249 16.45299 1
9.877616 10.17637 -1
19.09271 10.58194 1
17.48954 4.332197 1
13.5816 9.260493 -1
7.900835 17.81796 1
2.006927 15.39368 1
18.32547 17.54527 1
0.1661926 19.37948 1
12.01693 5.738434 -1
4.717704 13.14165 1
11.30749 17.94425 1
13.57305 7.469658 -1
12.27909 15.94742 1
0.688956 19.20592 1
16.80222 10.57412 1
9.580644 13.86251 -1
9.41816 2.575703 1
0.6849681 9.477503 1
13.40993 3.235078 1
3.157271 19.41327 1
13.30104 11.27363 -1
10.0129 4.110719 -1
16.08679 2.328502 1
6.515851 8.299399 -1
3.723141 18.93831 1
18.67295 17.3658 1
7.143876 5.580846 -1
5.145505 11.93336 -1
16.60332 11.62305 1
18.30285 1.542126 1
3.643241 14.37568 1
12.45827 17.32671 1
8.237319 8.144416 -1
5.975515 15.74976 1
16.8603 10.68869 1
5.969543 8.781851 -1
2.581163 5.304435 1
19.84061 0.03386124 1
7.931354 9.462328 -1
11.38287 9.950591 -1
9.431564 12.38956 -1
15.48278 17.86391 1
11.90117 12.21484 -1
6.718635 3.837314 1
17.4302 8.751604 1
12.87418 1.786881 1
4.932233 1.615145 1
15.77003 18.92536 1
18.81535 12.68619 1
15.8734 7.942375 1
16.35299 10.76609 1
11.4391 13.03445 -1
12.96877 9.891098 -1
14.78464 1.839441 1
5.740239 5.111644 1
4.00201 7.140993 1
0.2401835 8.352254 1
12.11056 11.25368 -1
18.89291 14.59437 1
5.425536 16.02248 1
1.425781 2.138201 1
18.31956 8.108695 1
17.81451 4.182662 1
3.849617 0.9660179 1
9.534407 0.9152519 1
1.218508 15.24517 1
13.58893 3.440492 1
13.5976 18.66548 1
0.9504555 2.448326 1
4.895139 2.010076 1
17.43021 4.879194 1
18.09707 12.31855 1
4.749593 5.733189 1
1.546698 16.57998 1
9.504583 4.516344 -1
0.03244857 4.220988 1
7.260652 19.85093 1
6.516594 14.21479 -1
12.44652 3.330406 1
15.21994 8.786106 -1
6.041481 13.81862 -1
12.30503 4.824987 -1
3.893136 8.756844 1
13.55206 16.79969 1
14.75465 13.44509 -1
10.30323 16.44458 1
9.699225 3.415459 1
18.59227 16.54659 1
4.041126 6.001012 1
3.359102 12.08132 1
2.635964 7.269638 1
11.46143 5.018062 -1
0.8828034 16.99752 1
7.984516 13.738 -1
16.9239 19.38282 1
6.218952 17.62005 1
7.228383 16.10903 1
15.9686 3.611586 1
12.57416 13.27209 -1
8.425417 15.99275 1
12.18112 4.747007 -1
10.17366 6.445511 -1
7.226135 12.68318 -1
9.216198 13.59019 -1
7.446864 14.98068 -1
12.47935 6.953891 -1
15.22042 12.36706 -1
8.869916 12.60495 -1
13.32754 6.955247 -1
7.334713 12.9219 -1
6.162675 7.452694 -1
12.14593 7.533135 -1
6.568576 9.27501 -1
7.740996 6.201377 -1
10.90353 5.043791 -1
5.032348 11.94931 -1
6.495501 9.245231 -1
12.55169 7.312341 -1
13.64969 13.64397 -1
6.454265 9.532492 -1
13.88827 6.900509 -1
13.2045 14.17501 -1
4.427507 10.04594 -1
5.514646 8.281937 -1
8.707911 8.877245 -1
11.94154 12.27926 -1
11.09898 5.841063 -1
7.609914 9.150324 -1
5.473764 6.958517 -1
14.27864 7.721618 -1
11.1113 10.88507 -1
12.91522 7.061386 -1
13.21882 15.00443 -1
7.574699 5.848017 -1
12.41632 13.66768 -1
13.07476 9.848717 -1
4.011115 9.926315 -1
9.022364 4.692681 -1
14.91679 13.07637 -1
5.083413 10.3552 -1
8.854289 12.80889 -1
10.3026 8.804821 -1
12.67616 10.03995 -1
14.25788 8.461972 -1
6.026165 13.97756 -1
11.72403 9.824121 -1
8.451484 10.30421 -1
9.892582 11.00892 -1
14.50065 6.277225 -1
6.765802 12.59156 -1
15.81823 11.19119 -1
11.52989 5.440157 -1
13.18428 8.467989 -1
11.11252 14.25423 -1
7.420518 15.0327 -1
9.765025 6.03266 -1
6.866024 10.73427 -1
13.76024 7.459368 -1
4.835293 7.341792 -1
8.676759 4.390608 -1
6.551127 14.3091 -1
7.362607 13.94829 -1
10.89133 10.70523 -1
5.375699 11.20718 -1
9.212372 4.577624 -1
8.896181 12.4917 -1
14.68821 9.369629 -1
15.59795 9.378668 -1
12.6897 13.50648 -1
11.79411 8.537555 -1
5.131051 10.73061 -1
6.725763 14.87091 -1
12.22845 8.573715 -1
13.59453 13.99294 -1
5.651787 10.97436 -1
8.615732 10.14749 -1
10.35472 5.564291 -1
6.814402 5.116937 -1
9.407073 8.431016 -1
14.91379 7.182381 -1
7.067973 7.605375 -1
9.461446 14.40149 -1
8.737813 13.71731 -1
7.359284 6.736186 -1
14.91445 7.43281 -1
6.83005 11.73188 -1
6.679414 9.360417 -1
10.31677 10.99406 -1
7.739127 15.21924 -1
7.045358 14.03127 -1
6.183858 9.356385 -1
8.285002 6.838465 -1
13.33959 7.546689 -1
13.84322 6.386781 -1
6.423483 9.937863 -1
13.70347 9.12579 -1
9.049102 12.948 -1
12.5768 11.0102 -1
10.39019 7.818552 -1
7.557696 13.02955 -1
7.611123 13.85868 -1
14.59432 8.861425 -1
7.740432 15.41329 -1
12.81842 14.01334 -1
11.86126 6.852581 -1
8.879995 10.86171 -1
10.76261 7.597775 -1
11.71598 14.19287 -1
12.15226 9.333172 -1
9.982473 4.288082 -1
14.12246 8.834079 -1
11.96078 8.765425 -1
7.020766 9.879718 -1
8.388838 13.94504 -1
9.792355 12.72708 -1
11.88643 7.483055 -1
14.79302 12.58407 -1
6.846239 5.591331 -1
11.40425 7.052418 -1
10.15129 12.25471 -1
11.28546 9.901895 -1
11.74604 11.93462 -1
9.543006 15.13604 -1
6.543396 11.20969 -1
11.90049 5.611544 -1
8.467131 13.3138 -1
15.16641 8.688052 -1
12.58662 4.891129 -1
9.937063 7.029531 -1
12.03452 10.39488 -1
10.25522 9.560478 -1
13.54519 7.299738 -1
10.51485 7.632231 -1
7.57243 5.673914 -1
6.46816 6.419362 -1
4.675495 7.587555 -1
10.37165 6.471755 -1
14.78789 10.2633 -1
8.152699 13.34187 -1
